 245254.64045911,-907352.63976497, 812283.88901537
-83351.42628177,-216024.43667715,-518682.75911776
 332640.76482067, 743233.79735442, 337593.58831851
-282982.49159976, 370929.35033563,-135747.74344792
 492796.92254487, 503320.61939651, 358795.75412691
 554944.49760961,-457638.18132825,-949554.5278389
 112955.58347703, 830411.64971591, 783137.74334861
 558504.77159171, 213043.96075894,-573481.36130968
 733286.93447879,-527133.30361573,-571660.46364748
 281257.90991282,-158784.03574211, 996530.38197033
 841871.26750597,-839588.65423589,-294866.17773453
-17043.69149718, 566629.39288821, 699375.37362075
-424650.97249159,-220255.11167231,-425779.90968064
 648669.89441902,-677673.72532771,-728553.57934889
 822166.80175434, 422826.60846711,-976683.65249381
 671169.31807371,-135147.56623335,-996863.15864398
-847687.4170909, 53302.33033376, 377383.24131737
-406663.89419031, 416705.25888168,-553098.44129946
-402308.51904026,-50722.04500126, 172140.37214961
 973064.15064906,-884104.21549509, 560838.40611412
-968497.04020671, 599731.0384389,-524743.78510056
-103213.90858186, 335469.65676081,-363928.38893181
 562612.04607744,-503936.0422791, 5642.29606696
-438931.24597899,-501272.98737476, 727182.68491267
-700352.16947322,-467184.70962816,-85837.12616093
-259444.8053419, 214301.75453671, 552924.91243655
 793257.93715583,-717354.31566554,-593956.85288194
 249287.68361563, 102259.03313599, 748158.97374806
-241658.17936896, 486761.52853638, 154901.61402919
-587484.71234916, 467826.93441958, 386386.94321199
 344099.11734115,-826646.60959561,-601056.06102078
 585387.41281928,-215222.29896584,-25881.38852306
 498291.0976363, 544854.10917242, 229908.57482605
-963250.37624472, 957940.73212666,-299919.62470213
 659239.28775289, 590229.98987983,-650041.30153602
-763962.8080143, 519159.22415574, 699961.88684295
 535958.94971223, 941938.77875271, 714101.96814627
-119787.48992324,-844495.8015574,-116425.57160556
-147406.33318232,-128601.43036234, 383454.12132866
 696712.43305399, 377580.82733554, 487862.66349321
 571323.95519809,-652578.04734166,-379169.50943224
 627298.74728453, 655628.1567071,-561234.84045245
 554885.07674624,-685649.26257132,-333401.96819746
 5242.65087959, 316814.43225321,-27658.07907718
-679345.97463079,-643440.95346981,-97409.10734678
-338192.69792732, 413214.24090902,-630213.31477582
 197211.1262763,-71506.17862043,-951952.35272256
-445166.70250585, 320636.89478008,-917136.41608164
-63309.78572297,-817031.08417831, 443813.90702202
 230348.25525783, 321549.7527282, 26003.132291
 498928.27656154, 453925.66837307, 444048.02626824
 811318.28296418,-170558.01076636,-290471.4030753
 387904.23372542, 965559.42219277,-269204.63233298
-773162.06750308, 371506.96930336, 283001.52154525
 737078.31037532,-339938.68830496, 611408.07136519
 601778.7964675, 314455.20982766, 329993.08376911
-232526.26114093, 214021.63631895, 540712.36382249
-772051.60192548,-587516.33077742, 533092.86819403
-884702.10346869, 405653.53529398,-591707.00395511
-898020.41297031, 484021.14278769,-391393.71554131
 28010.33877021, 277638.02638102,-271796.42380828
-745051.99008399,-171306.25780832,-668625.68241049
 624989.21303958, 983999.28924439,-647051.16880482
 197476.38063645, 587016.27211082, 908463.97312505
 669376.50347564,-731634.74352285,-329149.30697463
 985307.77734974,-809744.27857766, 327030.0513301
-442205.0670353, 693748.96641614,-76617.04723604
-123449.52418136,-146080.15167122, 490302.36292411
-475399.06235715, 539796.79675732,-278068.09442444
 30930.52879009, 234210.47293539, 630254.15639011
 143064.3923964, 481089.34027231, 369645.29207919
-282242.0247628, 870453.36462948, 237807.71767913
 241430.80467135, 978028.85070096,-885210.12722989
-134186.29764212, 813106.26953622, 931357.66373093
-72502.49836377,-819733.01220381,-75005.24420729
-361413.72969861,-91511.89049251,-857968.31817974
 20888.89906137,-985808.62478417,-938662.9038849
-426171.92039165,-94302.47718416,-58479.78496256
-459548.09281262, 107141.68671476,-330767.06630473
-730567.85951471, 182351.27857786, 566319.68853545
-894273.99927362, 843502.4469277, 820177.99679328
-800282.8138473, 178696.00942971, 399838.55081785
-134857.31317992,-16856.30767409, 901741.85370949
-597425.3759695, 773162.68190297, 332101.17236635
 253518.35995287,-984025.28311195, 71454.31045078
 805169.51582434,-801040.06953632, 816175.99519037
-277679.04540741, 718836.81152554,-777383.96418889
-868518.07501767, 486903.5270076,-870222.0864706
-145015.17972432, 700719.4632361,-870016.9352064
-237253.88441463,-584575.74832727, 573975.33597895
-140099.65651143,-942470.60062266, 542582.07320691
-284605.37434988, 473417.30903802,-323472.96654344
-285310.93909438, 488103.32394261, 374135.30411264
 959584.17440742,-473177.97931371, 104490.45650008
 165854.46932303,-643057.22664415, 572711.53892199
 999642.7003662,-29078.46565402, 606333.37787025
 369459.74299836,-425405.67683412,-584339.75392077
-825804.82382957, 606381.40691365,-501789.67909015
 25154.93061374,-856873.85434391, 281239.06188457
-933679.87881884, 316550.0364109, 713210.37965529
-255145.80626853,-193765.45964124,-994116.82699976
-448940.10010776, 820567.55948338, 715768.75106222
-357732.97296677, 948941.4708005,-59319.09077338
-726397.59945672, 978367.77528279, 270731.67099796
-419934.57447264, 891411.8984374,-892650.3755825
 23590.64814459,-423266.53161153,-931642.32697026
-698385.19264583, 765073.90529563, 854526.09130932
-708368.50128849, 562677.40695638, 698950.18788235
 156273.36468326, 368133.01447605,-271254.2208894
 818646.09516457,-984135.66592803, 760477.21945079
 490567.90276999,-568129.97118925,-78408.67518561
-580328.43334993,-709273.47708626, 762410.28684906
-867426.74570326, 343112.20882923,-362122.31596661
 834409.2055204,-789154.01703842, 566602.38969138
-531853.22141759,-697386.21975332,-679795.47219398
-253672.6110404, 303471.71311531,-658478.87502322
-819396.12287908,-252494.4957761, 491159.55077783
 133323.73517046,-663085.3756535, 90416.32029613
 228605.5216362,-119628.94878694, 294055.29892725
 421137.49505743, 982163.60579203, 518709.31680425
-355024.06272363, 396911.23175074,-557263.54391937
 422001.0294886,-419163.38420717, 283008.20700794
-74516.12632988,-423551.45213455,-129698.12265172
-544634.25210141, 478664.25562279, 309337.71557704
-847754.91199028, 239977.4187154,-19976.1249704
-997191.43503403,-33712.86621202,-620549.28340975
-546707.61628782,-472193.63415177,-928698.94793571
 872462.00509476,-157524.94892412, 445352.85068107
-123086.24420762, 204134.15704275,-152316.73504473
 838043.38078793,-542037.85127426,-324593.73670275
 867518.30632396, 613755.85528038, 635479.65240933
-960459.9108924,-567532.061717,-657638.07706702
 634504.35811023,-756836.42345575,-910539.86231891
 966486.68410701,-616029.64452686,-997697.96740686
-190497.40320826, 907981.2254607,-960131.92814449
 304416.1728027, 446435.9539341, 407520.43485284
 26868.42564179,-960347.07143498, 863499.33242617
-849178.17123348,-882300.38745345, 641237.03318899
 989335.59141874,-242287.85283831,-671014.95126119
-334849.4721531,-485690.28986473,-792862.05181344
 571268.92563808,-414583.82285956, 73098.00772994
 938211.55767058,-852283.23008826, 37074.61660037
 135542.84106152,-703266.56023585,-396842.27475794
-169982.13491135, 2922.45999351, 907586.43145437
 520616.06232911,-605463.024408,-829338.2694964
 765912.14518032, 369817.21103032, 592072.75919363
-376899.03110206, 533002.57969878, 967032.4849094
-8348.73842884,-248812.2884848,-866304.69850904
-114993.29771748, 910457.06826416,-871083.55428322
 834746.92293949,-269434.49222797, 348292.0273771
-37696.48121282, 567798.67100816,-211213.83211233
-202352.38462493,-768815.55561048, 293803.53036614
-14101.09217025,-366455.09014702,-840950.38989754
 762140.78669636,-903038.50723654,-264668.99205038
 792115.56860044,-109783.3111534, 909941.38261407
-792574.23528817, 948233.17069694, 315939.88553898
 977209.2539385,-803442.93839866, 221282.2823333
 300070.16401946, 769357.3042444,-652060.12115166
 729774.39757586, 127311.80543909, 700801.32806116
-302571.91411384,-575603.91858429, 821621.25241825
 845990.56471364,-185019.81174728, 713866.33082434
 778494.29655788,-449699.03053253, 7653.44147209
 299450.89409345,-77221.72586202, 138396.95819596
-673609.25927119,-262729.27797746, 852671.10624888
-255777.74176141,-407288.95728802,-253132.75834154
 864906.07240429, 556933.0320106, 613688.70464131
-170982.29127308, 835690.05906676,-728264.22122425
 510647.52706406,-313476.36850199,-728777.24108769
-219432.2578668,-285396.47084609, 126925.9897466
 884783.84878883,-191729.68238687, 767828.94117056
-350084.43590013,-933876.09019983,-472094.67103964
 77008.38773625,-268333.86628749,-680847.37351384
-329179.47199352,-471060.37015095, 910080.69823554
 661681.76725241,-732418.76926423, 818509.7447321
-790694.62736683,-767427.98139649, 852226.46326851
 129767.92347105,-14384.29376241,-966812.89548132
-911279.31662814, 492522.280739, 688102.39921453
 133998.74376166,-382227.47040955,-453318.85323588
 210654.51478882,-320708.45517058, 9557.43811406
 25796.89318688,-107812.50304389, 612942.89193646
-66262.86832587, 578066.56208316, 255338.08172106
-168735.01610699, 557852.64356713,-765627.79166159
 809550.76319592,-282906.66991598, 856614.78543028
 482706.26423357,-152125.39741549, 911311.62339332
-11877.60301901, 694488.439648,-33177.12402916
 204976.98784709,-431956.3093949,-773537.40558602
-29539.52126626,-127159.2677546,-581301.26114201
 816765.73403648,-933117.47708082,-458997.12845066
-965589.76064677,-184756.50806032, 624511.52289984
-440365.79527031, 771276.48671304, 97369.25674526
-578420.06861161, 290722.67623567,-763106.30328878
 702675.17694869,-55767.94106116, 580321.02532698
-855131.22331157, 594640.21859082,-52165.12511792
 458413.69229337, 284294.3189787,-85470.87097054
 481.05636306,-751527.69662002,-593187.90554869
-653786.5989983,-594068.7305457,-817267.95778873
-614089.15156384,-733957.01825793, 866027.44954787
 134732.36804469, 56102.46447689,-450010.2321069
-333793.1284511,-242399.50242115,-16225.91455871
 289391.17457865,-875567.83119973,-552482.76380699
-255067.33017833, 187743.07581601,-273569.85504176
 612056.24465892,-531074.24977141,-411929.40600592
-555381.79138608, 897383.52723823, 138812.48556273
 317362.98683028,-6191.50672649, 631359.82041424
 350239.575672, 750750.90753777,-565500.50046767
-115042.89944885,-519428.05708225, 671407.70444467
-979117.44650437, 94483.4287606, 858158.89476645
-85423.15314989, 713355.86605783, 862510.91958852
 668254.01575382,-415683.29533576,-724495.71014092
-980762.91872006, 288865.07511837, 883038.35961821
-618557.63786639, 887144.39640413, 208227.31921558
-87044.40853863, 772743.41757295,-660948.04562024
-861450.09720048, 472081.34353664,-564375.73397197
 388327.65604931,-78223.69992076,-981101.34163047
 949271.10909305,-327237.31341704, 851941.41248678
 551496.58516222,-800940.88264712, 170882.13497563
 653497.00015822,-235211.49095013,-775374.93804299
-116161.38963872,-541491.70060765, 848806.65930916
 538324.80876054,-269970.09446706, 193735.06311221
-924704.43060908, 326428.20240164,-546241.25486508
-257528.030489,-188131.1644189,-529011.62249585
-806087.21084297,-231481.14468283,-405631.79548311
 486041.60515013, 130670.33030327,-603274.41442453
-645349.3239112,-262416.83360952,-717763.86716684
-220810.82521957, 561120.01624545, 973695.69257111
 961783.97130077,-372031.45450164,-125341.1025306
-513446.77588256, 736260.78667249, 76794.57818649
-273366.34073948, 129410.71495802,-794784.46861173
 879257.14710563,-384683.62263501, 375589.69245693
 702575.8437245,-923834.17847386, 476599.46779258
-668372.11807795, 971058.08121054, 370547.30392036
 49409.77782386,-532637.64652967,-882218.92574112
 20044.72335543, 677562.23713015, 606223.96892088
-300793.03623014,-288859.51361894, 37663.13814891
-202862.34273574, 556263.82570292,-638482.51433017
 25266.78455362, 556059.58238379, 246234.10307982
 735921.5943203,-330787.66191929, 730747.03987263
 596216.32053046, 522469.82279761,-366068.75244338
 736592.65540406,-126108.21289099,-44063.51430243
 247600.42436679, 362831.19785446,-26023.52333286
 241157.53933125,-335574.990207,-566366.93422853
 530737.426299,-877899.78726277, 418025.12336757
-466729.96559031, 72316.55347011,-689433.7701975
 147301.96870092, 555691.43070751, 666678.64115261
 219212.25452866,-155862.95687479, 653549.87691345
-392600.0286285, 733276.16934593, 369946.98062913
 38738.21155821,-27823.59822417, 88890.40806657
 811451.10707024,-856794.04571974, 491905.04869328
 751971.03619737,-308432.25455121,-647447.79749483
-565196.04600749, 412438.28965078, 790510.37618273
-337700.58628289, 782128.2131566, 356183.90542218
-330297.78024973,-754812.39900997, 345547.48989992
 143926.73151335,-845363.86972161, 120099.813069
 301692.93396768, 48815.42651587, 726027.20522925
-488251.70099695, 689264.51309665,-535788.40633716
-19077.51918673,-9755.69275204, 635681.58825766
 286630.18781207, 254996.1099779, 783466.78341391
-174256.67925008, 205256.20420965, 787976.2761853
-701912.79673007, 399449.90650953,-34759.83928484
 988469.77135841, 536986.10959437,-677904.05114957
-663477.05864521,-794557.97676092, 440049.91440865
-971794.14565748, 561032.25235175,-126412.42762828
-269100.95853171, 150759.54835588,-922884.52197546
 961346.22961442,-822437.85318259, 223055.2156902
 546447.5646273, 663391.77774809, 629131.62084888
-781306.75250471, 148646.13178961, 718135.1116162
 344038.09964081, 100898.96728868, 276938.31883345
 181689.53225839,-979226.03065168, 746231.72265964
 297928.33573226,-947941.00284784, 308157.27324604
-486916.14218196, 480346.07552952, 897421.43163105
-838406.19229139,-368442.79573033,-357557.89409157
-560833.87755046, 96895.90688004, 680085.45360448
 523463.45724966,-269128.42326415,-452781.38285538
 54507.42430599, 886399.82918298,-695811.09121557
-807308.39129022, 131352.12622282,-875084.58507834
 496280.20032721,-64730.47559168, 379188.90983793
 293446.63085974, 846557.08919007, 579767.60815431
 605625.53661113,-692596.52133377, 757702.44233777
 196364.18989935, 990576.75539234,-682915.456301
-333533.66312527,-197038.26524283,-374988.29145288
-591806.09631664, 577956.30615512, 928198.39450478
 462353.7675482,-266251.16122851, 618732.24031631
-423800.41530959,-433922.66476195, 167635.62598287
-677412.18091268,-411320.84743756,-350615.99763857
 466171.18275222,-914880.18550278, 497596.47357235
 527138.00054908,-10173.88257977, 668573.75882292
-121411.71866046,-878457.90288832, 51646.61843873
-710076.34288999, 765255.87159224,-580586.81093586
-491560.5011352, 580141.87772469, 318385.7508133
-580217.13685405,-740145.03528031, 91498.91836837
 162243.87331315,-67942.34275388,-43112.12740946
 595945.08887463,-34383.02218676, 881541.73981036
 77485.46309869, 606586.68698919,-758060.87487314
 894251.37908004,-945052.33407964, 2466.09489069
-448906.89723422,-431793.84930007,-367483.32178073
 316694.74651846, 885631.96636059, 907893.40400377
 861461.44908747,-20847.23580375,-217385.35649527
-94647.91004109,-363624.73932593, 192264.21533707
-284013.40840727,-45681.409881,-67381.71714692
 531438.96533126,-768802.8111364,-811098.0323388
-522437.29223546, 833225.83596338,-957634.45262786
-679728.83245765,-326807.40719289,-561118.08030111
 890756.4476785, 473949.66954951,-997968.74968113
-898347.42427183, 707177.55389084, 351127.23180188
-773281.87492645,-789901.62489995,-157034.12179328
-162173.96954828,-240861.99811199, 829674.74930072
-434098.96802397, 664161.09708469,-839619.46506394
-272609.14028752,-498789.72516294,-683580.49403727
 263609.03167884,-599161.23786303,-406521.84906968
-882537.08275219, 439921.94588349, 518180.43202072
 690681.34315992,-182401.86735261,-811387.91550746
 905526.29871777, 423128.20458842,-399447.45275555
-974623.80828116,-19216.62996941, 982833.43790165
 947559.65419155,-982720.92010676,-846470.12696802
-603397.37163637, 552915.33214675, 620114.27197999
 335889.73910867,-259436.73364447,-563258.25982101
 874232.55161611,-291562.12830448,-537034.8105487
-510544.0053862, 283208.44708182,-16743.62016307
-505109.96406543, 155361.46842896, 885888.97777982
 11771.66627837,-937373.35640907,-310862.60850872
-183747.57013547, 304360.49437768, 564819.47052114
-169722.42881198, 195985.78585682, 937302.60527509
-956609.93175583,-18772.34966588,-81907.1695364
 493055.44919219,-138686.5116265, 407984.15206063
 9715.84213168, 208137.16767548,-40952.54540108
-611093.22829575, 852479.88255785,-434418.56198847
-109640.37602683, 930090.91214828, 863973.47919151
 287860.32868951,-786593.84230794, 851970.18648854
 413328.58681957,-203212.64538039,-544360.40281472
 420013.47603997,-149387.83464181,-396682.36395165
-479714.20846971, 228007.24808356, 256209.36384318
 676040.08607477,-821083.18691449, 451142.42138272
-953480.18567403, 882498.6592572,-403754.87965731
-521672.74444883,-264155.12717198, 963458.43619342
 995339.00848922,-340504.10063717, 416111.87219044
 908269.96874561,-813788.9324393, 571547.33118132
-309087.43448997,-214803.59862784,-930962.9203202
-85539.23109738, 812403.86162292, 732024.24962554
 592805.6569241,-982676.58274019,-429446.81125408
 198799.87320149,-962789.24723068, 859513.906777
-321445.11380351,-525821.40285181,-195719.22112373
 157262.86373977,-878465.89505811,-197045.79181378
-734529.46886496, 804992.60555487,-59132.25265987
-893854.0419711, 377149.2425231,-820478.07209014
 450330.47516733,-814556.02232317,-138662.2147007
 965782.7207305,-928607.34378785, 413103.32189041
 741872.61066292,-307255.6726867,-913564.69712272
 815317.55020583,-757441.00108721,-757503.72227344
 874108.51933067,-755383.4625803, 750562.53041009
-353651.66731275, 816910.28503419, 523364.90851868
-708207.41940342, 894184.449086,-509851.18750597
-967297.32301911, 615644.45588961,-155318.18588159
 162031.82460001, 36863.71392333,-58629.84016154
-563320.6756337,-597892.86238103,-565767.62118265
-638021.44070296, 807175.93377366,-768577.66929824
 789640.70226189,-660211.28368149,-682282.88850296
-792844.32797054,-43307.47083545,-223649.9295303
 663933.50985632,-767537.51634968,-853142.65005946
 606605.92544026, 894787.73031322, 178811.97256337
-96920.62737165,-999513.07921759, 153511.16120358
-639899.00878969, 550086.28144214,-841997.46856621
 934456.04457267,-701768.54255899,-863868.57912197
-623038.3110808,-958070.42365567, 327106.82826872
 488685.09646385,-244014.48348486,-312472.99599677
 449640.64702679, 62801.60172016,-847628.16516347
-651110.53895066, 389038.69099562,-819528.58966603
-840176.06661765, 427008.06722895,-672596.75277806
-200476.66664615, 745930.87180388,-65743.35725384
-723518.90909682, 591942.15320618,-493581.36295141
-148530.37972931, 163359.26248188, 349365.26418577
 184134.46681483,-248680.10994653,-247407.45922762
-474788.98358044, 383625.8268493, 344822.71093629
 875035.85231528,-582003.85974591, 98179.40436703
-925369.60572743, 211643.22720919,-658776.730741
 964217.79232518,-190818.41339871, 481467.79745536
 782350.21282853,-511148.16941132,-23957.17730807
 447541.0426683, 501302.69587525, 906121.74706045
-997574.56093896, 966750.26143973, 712788.92772688
 655250.17909044,-473913.69601147, 518060.12226953
 621288.49854112,-181233.49637033,-889198.69570347
 569877.52350411, 284997.68117082, 647063.10110178
 558755.17677546, 924367.68617108, 419221.49558958
-240465.04094195, 653200.34597313, 195397.91644274
 869195.91203443,-497928.13976666, 804779.09290313
-516428.13870148, 476225.7924107,-50360.72470262
-219797.69401455, 947137.50375475,-744930.7169454
-822746.15982353, 478403.58714817,-305598.81869583
 501944.65454838,-402033.78707471, 683499.67533969
 67571.50119726,-130969.74173509, 108102.93270702
 337288.83063733,-506065.7299477, 399771.00085681
-57101.57596234, 736403.19467196,-776738.94463629
-303603.8963071,-202224.8093704, 597076.47857302
 720861.04400758,-211111.56097137,-66464.44392195
 863286.38063837,-517082.63947667,-803223.89447624
 284182.42754503, 26739.44320318, 858699.69098817
 729317.27678963,-497095.8217933, 110675.84506118
 727943.52777992,-735744.85036486, 473345.18184795
-192568.80792694,-724919.22641415,-130904.48160857
 905171.52099809,-857861.79989384,-42941.10369497
-600646.09784256,-41150.05157949, 413429.31831503
-880474.60064036, 509063.12655042, 350588.00919124
-615851.66802841,-659825.04782616,-235489.50436387
-597194.76088524, 709168.30653138, 868121.67569173
-897577.45252994,-68004.90385129, 819533.87880643
 46396.07241191,-371417.38864796,-645428.98293949
-100467.8006714, 508057.1621512,-242875.46222992
 788327.19215376,-501477.72159081, 654160.51590187
-538708.96931086,-478240.23860337,-142164.55795281
 20535.70410344, 33199.25309714, 391220.38723131
-441851.42342658,-579568.52631947,-285821.24930839
-927203.8647863, 761030.85081186, 505708.8659963
 671497.56084247, 901478.28506734, 11315.29865772
 147180.09893193, 565696.64239136,-526608.48314694
-394365.66292319, 507450.50194591, 938508.26885429
-701871.74704582, 764005.26102531, 800258.78464297
-244522.72831238,-993345.29122138, 610748.03455506
-706911.2480113, 311300.75565183, 907300.98643618
 58280.67190884,-984843.80969562, 150291.72451599
-939895.46238666,-8230.83113205, 779263.70512401
-335235.89045488,-512175.19299449,-556103.94689236
 728523.10992718,-14633.45845915,-85590.08767965
-467654.78450293, 353558.39796188, 528820.09817258
-392038.85682736, 467669.36306818,-178233.43539614
 51125.9005774, 961778.79083405, 270615.44745831
 800465.14463948, 308879.35234144,-490076.24816438
 936895.04021183,-737899.49552645,-648894.92803017
-393871.2145714, 330954.8745903,-292654.34300999
-453452.78202864, 433590.24646535,-261476.15972389
 439152.28987785, 197263.24217357,-780606.98860652
 428389.75401633,-360472.67202537,-384737.99806898
 228680.47758767,-302915.84629975, 333163.04725525
 293716.36268413,-853596.11454703,-603115.57359194
 286158.19714143,-958518.10828444,-301007.54298556
 918966.04118214,-585453.67143236,-669550.61638929
 356075.94594173, 736732.72514389,-370275.69063054
-65601.22908346, 846759.37218827, 463541.74691149
-110662.7359127,-14105.701071,-429288.54314561
-475431.84038159, 787039.069064,-588564.96144712
-834647.93488795,-486918.12443907,-350979.29100941
 543641.7851418, 895434.68903771, 477727.59178495
 361048.26832061,-429811.49411945,-333109.45143746
-156065.62028025,-382152.09386583,-829457.37379293
-301532.14437394,-42248.25895509,-968140.70449551
-315549.46780008, 494308.69113973, 666912.24996363
 101946.73691454, 144220.41337409, 245348.32020056
 386172.65128259,-539896.05281636,-274633.31716666
-744799.98808247, 355900.86018217, 729198.52898243
 982920.63555617,-823038.42090433, 675710.20436804
 420916.42068097, 186151.34600441,-140768.92651193
 530726.47791611,-927051.77270448,-375772.28382297
 385171.49107879, 850362.28360949, 550620.33929474
 561414.2193543,-726181.97372763,-23030.93311496
-595324.70123848,-844561.64697553,-807252.35473826
 537680.85873792,-261198.43848054,-536198.15726369
 968158.94437361, 10865.0257539, 836151.32990288
 137636.25114375, 22257.63091718, 106509.90788383
-121199.63474419,-764543.89577865,-419697.01385029
 416183.22925694,-551719.46473414,-554439.63625105
-276007.51862636,-964976.53607856,-592295.60189289
 216816.19742003, 37760.62396847, 769255.22032809
 622810.07793239,-756447.6828902, 203291.59742137
 776321.55210979,-900121.19344931, 644300.53158886
 33070.26455064, 724167.24208445, 306633.23252095
 243966.44227887, 47426.35990195,-408354.56593253
-180014.68297978, 185009.83143531,-991416.62621174
 115043.27703044, 85798.57048153,-262513.55493549
 486831.62506581,-400748.04527303, 456491.64511693
-881771.24307478, 159018.02695714,-433464.66429997
 854824.60401655,-709338.24649215,-458984.67318976
-207917.2524133,-828234.36808508, 717596.48023051
 436657.33148337,-328224.6367406,-139560.09882386
 32219.70765967,-969342.4233996,-699452.35445251
 382962.68581263, 331259.92772035, 500498.67985791
-267777.36896266,-274384.62714001,-668110.13708836
-71142.45643079,-229608.82614428,-867640.87042502
-698479.0768115, 824674.33090043,-233858.31603576
-352219.72427994, 680657.86618196, 848075.38068956
-849894.5122278, 482305.82029591,-561968.98815588
-932766.25158418,-321182.7011851, 853667.24255129
-267675.94533197, 545149.74315374,-833992.47804676
-441782.70730873,-188532.53734541,-634005.00829841
 176241.12203998, 38434.93560125, 369959.71175514
 801105.83243026, 729066.40906743,-988028.56122502
-718691.48833037, 877747.1713547,-661558.54458834
 726998.73497371, 553087.27752391, 455189.20703276
-155812.65650067,-780674.24329295,-116362.89704453
 110282.17095975,-401607.70378339,-682303.08046368
 319899.18288073,-726655.46445773,-293363.16699813
 581570.37215661,-131698.86910837, 478501.88258978
-100154.70835617, 434963.65685125, 820016.39113973
 599542.51982941,-451351.45193473, 750576.79058566
 321229.21599381, 182248.72115183, 916692.27206744
 204685.02099615,-598147.52100818, 473102.83406217
-912643.39168673, 554559.20385255,-511333.15736879
 961467.1980583, 76838.09585892,-672182.49819976
 645968.48323501,-624723.83775756, 39766.61206649
-416208.19126167,-85460.68303212, 172334.78094909
-909346.61423253, 631059.17172489, 953700.83472837
 233248.18074023,-56858.52777994,-738754.19655152
 482722.55792645, 856532.91899428,-750610.31666051
-323409.22086894, 617145.049747, 722704.7851367
-672451.50279605, 769292.37382823, 1056.88123166
-816743.37226625, 413698.07977294,-422752.23682657
 986742.01632251,-763544.39059769, 980353.45812152
-719174.23855532, 785761.54652967, 190648.92425017
 685075.15495386,-817845.82087023,-408871.86454263
-699570.57294574, 744131.19234133, 83397.58917814
-283959.93638259, 674659.60662149,-279414.39803051
 957397.03361396, 63355.68686965,-536616.34049108
 635981.52201629,-512873.38693611, 427940.04213133
 827611.85696462, 34818.87854646,-241505.76083743
-472525.18082503, 797939.99100916,-444931.45412016
 3445.01897748, 181317.67579597, 413441.58909794
-481341.41041254, 509799.8355674, 434717.9519718
 602407.60500233, 933930.40058536,-316952.07454666
 689754.58910634,-859095.720686, 917521.01178768
 268417.95003662, 925770.78149467, 760451.94565089
 956239.2090065,-50832.18461111, 387208.50132692
-371925.5403388, 122950.07841429, 813795.66855714
 450719.54037337,-824630.04651933, 981444.70549515
 359626.96774776,-639837.73036131, 316958.02408881
 275068.8208981, 437006.4861105,-151011.47954698
 90296.76003831,-12052.66098427,-353067.84523654
 811516.04122709, 131871.57691875, 575307.14580508
-430682.54000132, 158170.79876715, 10895.23511052
 244330.08111333, 589811.67137706, 341170.14312204
 647849.7978249, 718105.20033969,-173071.97205477
-804569.70437796,-511327.32928208, 91265.81633263
-206095.67912528,-820663.010297,-589456.90964165
-16607.1601736,-602468.33988365, 456139.32796183
 185337.94291544,-470917.43273444, 536148.15420635
 685514.71992308,-611126.43088128, 741913.87548112
-997357.71616501, 901890.22021058,-949082.40129883
 976083.74716777,-869663.98890258, 902698.75248925
-458767.14101757, 933505.79085512, 443069.91111922
 984890.65330566,-851191.26720687, 809174.50829933
 869548.39975968,-996864.95811458,-498197.92765462
-665683.04363552, 993960.99978447, 152560.99470332
 393698.61546102,-160436.50722298, 461614.97830432
 666709.20410273,-360139.62106951, 759455.30488957
-351590.35325992,-142064.86031771,-454535.32416753
-68690.23598641,-586626.38193222,-841817.28671929
-825579.83050559, 86856.68150153, 376925.89000998
-330639.2552465,-125240.90744494, 729923.10173446
 522487.5939947,-593681.88581857,-479094.7119392
-320212.04420409, 251055.55340483, 697594.55249677
-481061.88968246, 681187.66294209, 211883.99514712
-502004.73892728, 539548.67403118, 75264.45276199
 287955.0091948,-152236.3259159,-501834.58530049
-83760.59640776, 751471.02474129,-763933.87060363
-660099.95479593, 446759.96573519, 861108.5277732
-947798.70174145, 767911.63711836, 43631.22184366
 471703.34160454,-198034.06260584, 79981.57393172
-672203.53813006, 748534.60451493, 104901.67172317
 891830.39161246,-982966.84857762,-854562.51070117
-6751.02819237, 341117.53212943, 120371.78256409
-871300.67691257, 859657.4729549, 271545.7112247
-63713.87872804, 703855.79451979,-566353.24760603
 775943.52319534,-818868.85853105,-692533.53354412
 197826.63963972, 46920.57690328,-929555.36162674
-702446.22341394,-563863.21138166,-538345.72859294
-242652.15841719, 922039.81332784,-668259.92823461
-112973.21155843, 968998.65910016,-49765.50825969
 954451.59580745,-705190.08823616,-326387.81224835
 214582.02905058,-382322.90870566,-886940.53732349
 889987.15616523,-64165.3446411, 479414.35524538
-109814.86594089, 746454.00692687,-22197.69518429
-375154.57684264, 792319.10933085, 371496.16182962
-253263.50474146, 409960.33163452,-90485.44250731
 262317.22603538,-977178.55824356, 616392.54670407
 272997.61056161, 90929.62112899,-442285.26090706
-306922.41959959, 653871.34197528,-724607.40056583
 57688.84138667,-984425.23987099,-89511.47099746
-184588.99507056,-102343.82521739,-484781.48103341
-765103.73807892, 166544.09495148, 573829.94237124
 264516.62590274,-146040.19843973, 542821.35287363
-74258.92506298, 975008.6095515,-615753.23655977
 251842.74236835, 772585.32597968,-413411.76093815
 570270.68664659,-766773.35261768, 312335.91362104
-371075.66956309,-588402.85396724, 418630.81648531
 528836.38242827, 558796.65470957, 972580.89396177
 120.15827479, 410229.11420525, 938769.81721939
-716094.26472233, 944287.45261305, 373784.21346634
 713107.83241433, 318716.54526515, 642436.01156773
 472529.54783286, 311868.37778957,-277640.42519887
-736766.89748176, 970405.43284251, 813464.41276357
-421816.59636364, 703476.90214944, 44122.7028426
-816323.10831646, 826325.49000315, 589324.53903599
 999178.7421484, 87128.40918197,-229347.85029964
 540171.64339834, 209431.87519378,-644023.08008931
 374579.07971403,-681223.41587514, 434349.1734829
-102708.1122653, 374376.55710397, 159448.40426454
-554265.43411892, 727929.51355306, 596636.53795675
 899828.74651364,-665687.17517271,-797671.18144646
 777630.61307116,-418546.48651228, 349267.89922573
-426160.71211803, 811236.44589695, 19015.1316599
-8838.64308294, 485408.85068623,-816970.31430151
-213324.88455453,-898340.3026401,-916935.80899997
 407824.49078689,-33671.48461003,-340124.36623362
 460233.36397907, 267379.0197664, 693105.53504171
-690481.87389546, 188319.04279185,-882469.80675323
 492494.8090073,-121498.84938776,-150697.73392529
-975929.48909638, 457612.72627702, 611626.65213622
 537056.2787997,-795578.81888038,-232621.03390727
-48692.15060558,-981928.47356074,-260445.64341846
 422418.77321962,-6229.12153995, 258015.39023491
-4608.02685016,-654955.00592924, 137682.05056365
-291969.1210644, 560221.32917885,-932122.88669016
 380684.67639086, 401151.01965855, 596374.68280495
 973922.69717512,-262702.17096141, 862674.80221495
 285669.42226229, 701466.76518134,-933515.86143218
 729132.54376194,-585929.00038402, 385789.05352687
 483521.75270822,-902185.11240072, 242023.76775356
 72069.23028223,-262145.83119453, 49456.10704334
-778613.43834563, 463718.17925713, 89155.20416497
-546638.69665707, 632615.67865941, 817522.82510056
-129718.37401305, 914296.26384035, 448582.88050767
-829438.46187426, 660058.12142332, 636686.23724576
 5572.50613045, 407280.10062312,-636196.08282142
-786020.93361929,-299932.58984639, 606916.22961716
-71422.18358184, 855175.65318236, 575349.55478991
 816956.31316065,-558415.12900336, 898883.04477294
-564659.29161956,-541306.26588242,-912585.60415582
-901347.66805053,-878273.80702823, 529441.35966026
-511975.77830553,-183477.44945666,-402408.41059803
 648564.47903001,-917689.00110801, 420159.92971926
-836997.27751134,-637459.65543922,-861362.74616554
 119505.47759243,-996510.17931583, 177127.61914223
-986254.30676399, 852647.21127684,-399625.52065005
 484748.32459066,-566486.57982286,-148187.60857798
-825731.66818198, 451634.68211056, 641057.49426923
 77359.2249205,-960732.31442347,-678981.30373978
-528479.0862054, 76601.79438537, 962739.49424283
 898623.74882987,-409520.92960707,-581685.30416528
-124405.67359908, 662981.65056104, 360593.28552475
-888074.93128725, 203837.92110171,-578113.91436448
 618854.15094559,-682771.16205921, 301347.40109425
 423803.12040005, 212916.6721366,-622704.42570602
-830237.64326228,-417535.07953615, 624323.84541006
-186157.47668329,-571919.18514081,-579945.32880501
 963013.33785252,-600812.69261335,-660326.5428559
-282474.10016522,-840193.2790317,-410898.50144686
 420681.68769011, 358641.41304977,-446872.94009536
 869470.22911567,-576154.23622384, 928274.9236031
-214947.60171095, 15172.39882184,-818203.94685001
 636811.48158097,-772904.49079495, 39233.20959235
-520014.38363273, 786578.59532557, 694827.4730995
-687347.87642331, 290252.6620244, 85593.89026523
-52344.17587302, 577705.0482593,-602194.75848612
-605361.16458879, 298161.01123725, 434075.39995586
-246364.25514816,-855347.60265546,-795648.4526518
 25454.09374171,-471051.04854424,-339025.51208992
-317385.56162363,-139167.07422821,-849842.18429418
-592646.91921726, 711303.87803486, 647508.77334219
-508670.70250774, 954980.6736447, 894578.72107218
-246825.77425465, 710333.20577172,-767262.96018395
 765184.77208686, 21815.60457678, 717184.88584745
-772557.71455571, 493419.23518605, 530379.25030587
 451911.87320533,-887028.23018875, 856401.59466816
 567502.95591093,-935415.10349701, 130861.41055551
 936565.72643017,-190745.21976445, 239118.99942555
 436856.2856488,-743136.91260407,-740043.3829924
 72500.138043, 85379.93102429,-174212.83218573
 846036.22478012,-993563.27583932,-31824.03726673
-594156.91682856, 277599.97397964,-1288.85714597
 170740.36585732,-675494.99981182,-206180.67755726
 153398.07874244,-69543.98410659,-734398.58672772
 689179.10709369,-511763.25317163,-179407.37955959
 590185.24016588,-724585.188392, 446554.14872912
 102691.68955606,-455411.55186669,-32289.09715721
-125085.50320792,-537454.35731039,-520766.36008222
 342346.61062234, 272049.25068327,-605935.3947425
 410950.97678312,-856020.35379793,-275983.75540072
-468437.86510847, 870454.23225455, 966683.80984902
-254497.11753075,-84266.56965589, 955755.77870446
 231105.44846987,-885854.69800513, 603739.48927944
 278471.90809917, 669664.14304765, 116506.52811814
-149007.44084529, 677833.66363106,-225254.12886306
 956435.20172311,-575621.96913889, 575020.93402421
 97793.13706049,-906742.45858062, 502388.30148832
-186410.20644602,-859864.89423851,-152285.81129022
 890037.12836616, 423833.34101508,-83314.26621254
-682504.27375731, 16860.84706875, 617074.30306754
-548840.22844593,-421932.37662405, 889137.42587351
-388746.81427438, 688920.82338914, 31061.35342756
-688306.3932357, 129294.60137249,-621310.70514692
-520232.43770947, 768071.84179052,-657565.11653829
 168374.31741617, 400642.54753084,-25202.95161594
-167647.0382982, 326530.3696691,-876615.97367881
-686195.45458247, 165957.3560812, 42148.21674363
 933648.57511608,-672834.33177875, 66923.89212761
 4821.87745927, 164346.05562914,-167243.02232051
-976014.73895644, 471976.90293097, 507530.04378961
-351726.75609523,-112375.36297615,-745275.10598601
-111298.31814931, 775875.54737225,-107902.48483282
-900125.0199185, 387998.97037131, 690951.044075
-448030.9484942, 192050.89240246,-10271.45105561
-801343.98127363, 305476.00939212,-474536.40059997
-105909.42414153,-244694.58602607, 913319.02576709
-728364.27773853, 975443.50053881,-485886.82732476
-239973.66386585,-304926.90561001,-564241.37545711
 198052.96435406, 804445.24238622, 855784.41887052
-18456.83421462, 452448.10848785,-174.37425959
-562000.81711103, 451202.06452727, 637130.84488664
 947002.17804166, 33051.40310628,-568747.30082989
 302938.8298777, 409024.75100063, 889088.11739704
-764395.51095377, 346659.01748144,-781519.89492117
-71380.91832095,-700046.08442032, 888172.57684572
 29460.56952396, 241996.17693144, 478195.8771719
 990736.72379988, 66056.0151673, 545959.39507987
-580742.19920092, 712601.07495737, 174683.11715872
-618615.39653295, 134056.469352,-79333.33294773
 799456.5717365,-570400.43723397, 74517.19699135
-191477.75093991,-556017.69371821,-227156.27346992
-170919.59680186, 40008.95361357, 936477.52288769
-639824.47976735,-256409.4536263,-301786.01507852
-669699.64597057,-33605.72165442, 857610.79556821
-743541.84809639, 504689.15915796,-849350.01627886
 744027.354307, 98054.72052039,-575575.57275478
-261893.0453017, 79999.36208991, 753524.22164776
-324499.82985747,-957984.70721173, 61659.85635068
-585410.5213918, 558232.32409856, 178887.96180444
-61003.40207881,-810644.58517079, 387025.32167468
 536122.97325881,-961216.21859282,-981832.80172506
-894356.95899339,-722987.39150993,-399289.83450341
-569509.74795309, 784114.05924065,-735409.62552786
-723330.25884061,-204901.93821281,-524002.56456839
-804920.84803406,-739242.19478893, 770230.49490011
 12257.51295934,-272322.38384196, 725509.48582484
-581867.90918837,-88726.42518093,-610689.06974238
-888100.93554112, 950766.77279182,-971112.83337872
-516344.81439755, 758204.65678601,-200241.56518088
-55280.86775738, 868049.9061874, 705576.53529015
 215275.0590249,-513503.7455942,-846916.53759
-261639.10812618, 606473.70527023, 304195.28971188
 164190.92677596,-26025.00152516,-561247.58394638
 984563.02801788,-972272.11172457,-991685.60392638
-801159.89307383, 303769.2980909,-439319.65616614
 370193.81637144, 353649.54153096, 969299.60787286
 776488.84192422,-426774.3412927,-670273.62265218
-856779.67264868, 591870.19037677, 621010.85699698
-612294.63098743, 658376.84653369, 507882.1098573
 736359.48750397, 831.40100663, 657326.99623001
 163855.47372346, 12937.81635959,-237507.91414516
 194486.09003953,-35543.79620606, 633422.08651428
-962118.88409331, 443542.2406231,-51909.68647344
-432113.37031555, 551698.02139053, 88000.62271149
-880997.21327871, 932843.69644368,-299.56614574
 897226.66004504,-773108.54222893, 79623.36737301
-32326.86561412, 251418.2366597,-553196.97975597
 516097.17616683,-201956.79952037, 353710.90884225
 228201.22877087, 238711.18542025,-149972.10130091
-603261.91688306, 144190.56736587,-299089.77088813
 708129.43389756,-211637.17337435, 552130.11107953
 538812.60102689,-578034.72989904,-913035.12815636
-739753.31876101,-467526.1055118, 514476.76498963
 920850.62548447,-116819.12370229,-748249.23625384
-584139.03182539,-16422.18598869,-989605.43673687
 387237.7956463, 62251.23920211, 257623.76232293
-194084.73762883, 884896.88861445,-515070.6199177
-911728.97891063,-142184.88086522,-987381.51718497
 946112.00816591, 89096.35725841,-35306.25418607
-895429.84331772, 673573.17309935, 227493.27986337
-818464.42355956, 440264.70583544,-554172.70353017
 598226.54683614, 320946.39252749, 174241.54158981
 224115.74810314,-724804.52694675, 479698.22749584
 882557.25166933,-629167.57545242,-66300.40449069
 23963.94742608, 566819.87310291,-904678.11778491
 310225.82324168, 757948.23499724,-712958.89625099
-434642.50823675, 601122.19070625,-756740.59569172
-712627.04479295,-513793.26908676,-754776.06923135
 629643.18644319, 254153.22325962,-144033.12138539
-603296.13104758,-692887.78249596, 849087.30390334
 49877.3740883, 117965.5318458, 502039.44073116
 740464.54187195, 373100.90273171,-366550.26404037
 837721.18687246,-982198.67600597, 253210.71699609
 846191.06262943,-434701.38951862, 655713.83215375
-289247.59253067,-713167.00612193, 196738.7073602
 831104.75559273,-289713.67189307, 538178.13358188
 892271.73564051,-143224.75641107,-626030.8276067
 331748.22633081,-720507.8145817, 20393.90116563
 425512.11067554, 903380.53849499, 782419.5739044
-324684.76562742, 253271.30016051, 853279.18836267
 78540.20174732, 645386.97894692,-627364.94652051
 516271.2262498, 985913.28122076,-24728.92841518
-252362.04477897, 39701.41174531, 774223.89784306
-811816.57718789, 225406.07783087, 506997.72700473
 43361.18424624, 299024.73715508, 951507.05489563
-458256.52461895, 468729.51134143, 18600.25111808
 989828.56922601,-825614.68975204,-654444.11616208
-90055.97659994,-800592.89103239, 105223.1753122
-472285.07090988, 935704.32932441,-430190.34892013
 233274.9401008,-323565.97887561, 391445.38125675
 483970.82067054,-971187.59873679,-283287.69043626
-643312.0707668, 74500.08521068, 313954.45421084
-219505.20973288, 817009.2712085,-381403.44595744
 238630.52021935, 285872.99879261, 80666.95870525
-358654.18101461, 362126.44124456, 618824.67674117
 274567.46310733,-128262.53756754,-971618.80950826
-224521.91500764, 286797.30396262,-962098.51941901
-756327.63779138,-415681.82288572,-503480.62086297
 443267.44120797,-815997.7733719, 538747.50133878
 465903.15682423, 225356.57806122,-324355.9469471
-25678.6328856,-834247.50537428,-3467.3872446
 410662.04647444,-3629.04613501, 127014.62767399
 173804.04790607,-982669.16494159,-458244.32951004
 723595.20982803, 161485.75520251, 894194.60094812
 683875.53897904,-878472.04026679, 971393.69935577
 576972.52344172,-264454.01154732,-520251.27643815
 359917.28574233, 14424.59354088,-473532.31267931
 685339.44883669,-959533.54585229, 449123.83900522
 262475.73352262, 748909.79980317, 285050.17416436
-243864.93601079, 473666.20674892,-724130.97280294
-349624.79107021, 956062.648495, 958235.58021744
-112029.21825686,-947800.82580251, 710912.14887026
-318862.40089819,-283183.12936165, 142008.07834997
-97404.88813226,-142409.17982684, 328223.18900352
 63521.89784365,-907971.62543458, 326951.29193845
-371569.06714282,-913586.21379253,-665530.52734538
-58738.35973033,-386130.44151973,-678025.43991004
 41853.37746126, 121888.24871176, 260402.23182982
-95906.18603147, 349634.62647642,-732285.505983
-127197.19952235,-645537.56575585, 242804.70915946
 78315.04154287,-91787.46245489, 892471.96122301
 696595.47609043,-295441.74954414, 459383.72705527
-90841.82663276,-800514.6758084, 433573.45893318
 402660.05675364,-637872.19429282, 494477.28993623
 684684.39445547, 191578.03756709,-981819.64918322
-384067.37835258,-546099.34410246,-95352.43802481
 6658.50640409, 627060.8316136, 648130.46065658
 187886.77176645,-689838.24648126, 170518.45650439
 433661.16477965,-494958.43766766, 693522.48148618
-683888.12668312,-15683.35791303, 724080.39179158
-572896.66376617, 505205.12527186,-638256.15337493
-483784.2793346, 742966.67328793, 229845.71780936
-614567.09947662, 618615.76581202,-187132.01242471
-465153.02981187, 466653.74954869,-378345.278621
-865057.72437616, 510322.10907682, 539704.08791638
-605075.56063781, 271381.93437256, 557988.3470029
 808744.40093124,-307628.88672055, 117574.42018206
 564246.23504719,-451553.20323178,-313120.33399936
 779374.70963963,-118875.68194521, 547105.76317412
-896458.53625006, 78833.37458688, 291041.37742864
 715266.09080578,-413134.76460499,-738045.0312972
-888101.33129168, 466754.9681818,-591355.22567806
 59407.73736122,-530725.73620603,-894338.37730978
-656287.18751074, 872701.2873853,-880883.91700223
-465165.26355835, 595528.37108795,-715647.76887575
-224819.22652939,-141514.55195371,-332812.56346889
-408675.24232275, 495475.66193774, 327108.24696334
-382091.39737961,-939132.22564318,-417125.3566128
-834814.48787924,-11462.06281656, 292004.41936866
-18073.82141389,-736976.31948667,-703013.13073897
-977916.41210662, 440614.53627184, 821828.42309543
 650550.35062452,-864758.59823268,-587267.88716108
 341382.59802762, 101669.5002361,-73188.8452614
 926596.68253634,-399993.47678392,-124847.87787415
-269699.01891844,-327568.44702866, 366468.99718242
-593328.37526873, 522086.2028999, 706463.91391092
 634118.07370264, 77168.92850805, 360943.42711208
 15938.12077149, 87056.32290396, 189795.72619421
-634593.34386232, 727686.94933389,-739210.49559157
-506143.940491, 702490.92662769,-722151.4463755
 692186.84363559,-154096.10374626,-339982.99197023
-567320.98682509,-417649.8322862, 688850.13703864
 838631.4095008,-496072.61416779, 657143.13731726
 519600.93341115, 717309.74679164, 613850.0595874
-394384.44780891, 491552.32930322,-44440.20324963
 204454.08947727,-69698.46704905, 863646.31027987
 280047.67720217,-406113.88369211,-803048.78785813
 848707.90437856,-211493.32456781,-840544.33815028
 539534.74391589,-442837.88780066,-381402.5285603
-328930.99886549, 917255.79671024, 130554.47712537
-504576.0751199, 948286.75159795,-981963.19143103
-972224.76761986,-181596.27142386,-842474.68214758
-969919.32054315, 7169.87279359, 738.29700039
 520865.7098176,-160347.29278103, 735723.56432749
-378966.67261328,-569954.65609659,-945573.39564288
-639570.95831285,-89225.54104447, 154758.89759817
 382530.05710265,-918435.5023584, 259161.89485056
-355043.34107228,-355435.94787316,-306124.65714488
 69724.84110167,-482483.5711576,-804783.27062193
-867395.58742469, 945897.35575321, 785093.61522844
 452883.39515373,-44999.0986467, 68217.44015299
-900680.49917664, 202238.48441648,-954098.66766438
 507673.12066454,-498206.76154731, 772294.23527266
 718407.25575393,-270929.93463921, 571620.58449289
 96454.69007037,-699269.28530345, 757807.43138155
 339829.41544915,-357180.45696374,-856026.11020047
-677510.40916902, 289702.70885725,-754462.99410172
 31544.46835191, 60317.60226005, 25650.01016475
-977646.67139316,-505533.74540187,-290810.9689456
-328808.90624675, 545588.18118653, 384012.84795634
-190005.50382608, 552172.95161671,-187775.96888759
 785955.80970602,-858321.5799214,-940876.64655446
-827972.81293227, 765466.54205647, 664269.44307865
-306775.11458757,-365059.9001438, 556955.56501819
-342108.31781953, 302201.87166668, 543511.24541267
-916341.63990752, 628381.55444918,-64321.3043926
-548896.08818632,-295947.51024969, 188732.53954202
-805505.30875913, 511491.86814695,-505203.00446859
 520825.01560757,-668745.38620722,-320332.23474325
-75378.00892273,-708725.81690056, 593214.45739098
 957310.68235349,-380614.91940315, 478230.44857995
 883867.42597427,-538147.58776765, 284365.03182514
 722171.58021395,-364264.05764671, 421000.42243336
 55052.77252086, 270898.74361283, 949339.72243099
 780934.04539554,-876635.53295168, 724931.38750396
-367306.09057263, 21762.9902823,-863129.05723429
-57383.11229645,-394378.09534669,-554292.09313862
-372465.54434562,-862016.07175532,-978117.31075576
-796040.98502602,-135935.39699702,-169168.73503924
-666431.63904186, 709670.32776847, 158258.016725
-485251.17841195, 731752.84085978,-130320.5575916
 725483.57245342,-736979.47820733, 302362.65181062
-981203.23624899, 896652.11803558, 472670.17759774
 65002.70185136, 491386.52376822, 890889.57022363
 641451.1051499, 368376.7788987, 469611.2183841
 251226.66575851,-750593.41290385,-37744.2107617
-598229.79742286,-118652.30192736,-434689.64461488
 52004.50439808,-278443.20098983, 860766.8036316
-389749.11010567, 54408.33288195,-568636.30662958
-626956.61153196, 909012.69464444,-307755.64508854
 629553.68163112,-779766.21754856,-496370.07274942
-238576.85781635,-222403.28521758, 734656.8850003
-192173.3313316,-540815.99651762, 995989.33736559
-431749.37486012, 696598.85179028,-870992.6312601
 653669.72119925,-98659.86871704, 329404.83861221
-621821.61581365, 98499.81898727, 548581.45813701
-418184.25467811, 145766.72345163,-540884.61350002
 587978.66662121, 365555.79055951,-616519.40591785
 400383.61547813,-372214.67126459, 217801.4459586
-63244.24906878, 499784.39992867, 300789.98477458
-685945.68909169,-25706.51527739, 17687.38870206
-916161.27717787, 219955.56681001,-178126.87246513
-868109.69379616, 109770.6491855, 795111.43910581
 566015.66321585, 96923.41896471, 82084.04807202
 722421.40285203,-307116.52405119,-875311.82870908
-632653.30349991,-188063.44473263, 646078.46942319
-346903.85130244, 744506.44778474,-237687.90908362
-120406.66102779,-957682.71122564, 287842.2142046
 398242.9049576, 261112.83666481, 630550.46053652
-598337.48234701,-86043.58243692, 164440.5721799
 332515.17683307, 746686.54880104,-162208.61785672
 367106.28682749,-625703.64352764, 544725.14364838
 958622.076905,-769290.51582783,-446971.32620999
 580293.69766458,-21636.90267611,-655994.23457952
-603865.87110788, 764390.52564834, 667050.68769733
-435241.13136834,-665489.90841529,-708796.74363038
 782156.37205118,-971974.43538893, 905216.91870966
-220897.48772085, 769513.42897208,-454833.16763948
 497553.63435154, 412434.38145911, 604053.21411366
 847034.33331344, 85422.33033392,-77035.0605238
 195593.82342891, 939136.1826294,-654540.1546141
-39424.64348138, 994653.55845692, 424989.39638468
 411199.82775438,-14358.01254706, 120977.69992783
-447381.40900443, 686265.40022744,-531726.94891668
-516799.47770988, 289893.97109574, 159516.77858701
-881900.93127261, 889007.46604006,-271724.35618289
-319938.94092949, 758283.61788877, 148157.08278714
-873084.0757332, 336791.48536627, 767457.67304556
-377714.95430225,-180134.31289652, 487088.47149813
-329251.02391447, 30148.68956293,-624431.04711405
-9808.71002504, 963070.55438059, 565301.5954576
 675477.66316252, 277828.89865226, 856286.97905845
 869854.15324271,-705500.57487364, 701887.70357701
-840130.87004769, 363589.06342471,-729830.17771642
-427142.1667134, 372505.89668142, 68853.15337949
 147687.54702418,-81027.2043367,-80114.82153233
-593452.55570709, 855868.30833711, 281507.94966541
-81745.43700849,-334182.77104483,-380401.91500881
 791749.70231406,-81852.59880237,-812660.77777352
 43431.22759459, 78339.49533939,-268911.09098243
-926034.49267816, 579342.68828883,-792632.67960078
 269016.97399776,-756876.32899825, 568804.40442294
-638947.67192922, 900029.79310047, 332663.00878399
-114579.45123888,-681848.02016905,-271919.110661
 272300.70430899,-351673.48572976,-233616.99588799
 79040.0182333,-736790.89257497, 6067.0339586
-144542.19937834, 760489.45098616,-569959.0968881
 629395.37478097,-789236.29736624,-599991.72857965
 874561.78893709,-782410.40019426, 249994.70779285
-90988.25229739, 624197.64843394,-878784.78436797
-241106.9947596, 907583.19856644, 250148.68868341
 770863.31845709,-624616.38905867, 281915.70176682
 314678.21044484, 901483.60871023, 613771.99983444
 409105.12729554, 161326.77154513, 43903.32580561
 570969.84579361,-510819.31670757, 744567.4281771
 342784.23472389,-262267.84640089, 546865.92100357
-75711.07338591,-418522.60228347, 472385.08942414
 79961.23173823, 764138.3013885,-326458.98884388
 52680.50489014, 547457.38675011, 261246.89752905
-38358.63257562,-498727.9757018,-953841.529018
-178117.80652505, 373368.39692345,-611495.37133936
-848444.36697506, 734665.11941357, 587614.55013447
 504826.71188688,-700290.12005459,-155390.6840765
-156755.26016706,-28513.61622128, 564556.27555216
 566717.98663272,-202945.32604823, 69148.14977145
-378462.20507935,-372798.74495112,-210561.52555272
 826312.47720372, 532280.34329994,-492846.00247658
 337368.13208374,-795644.83417985,-953678.11356445
-774459.08858671, 956068.47004254, 159191.631476
-466281.6775908,-613295.43603609,-637734.89471592
 502204.21752025,-825642.55945029, 2627.80834697
 173702.32728903,-805577.23992525,-4291.68523145
-662602.62325269, 761745.51713698, 669317.32082879
 265189.51427359,-683128.27197796,-579044.45647694
-381071.76115612, 226056.28586762, 308047.1123842
-927538.85972939,-444077.70302416, 251350.89112733
-362266.30146091, 714565.31671147, 37276.61091415
-869993.38445348,-533929.14901192, 900444.43979199
-838945.38433577, 202420.44011404,-885508.01964934
 216905.6900025, 48821.37355517, 228042.7105863
 12774.40528421,-356619.43938733,-589302.31366865
-944238.61815377, 311923.14564075,-783093.16354601
 997601.42059158,-776970.0204912, 286619.27628288
 710248.70062457,-316166.32425272, 447009.34334388
-107774.69283828, 302118.77261502,-166246.21870594
 141249.75431593,-319493.27318976, 3721.98722075
 379817.4215436,-325904.8427643,-149976.02049762
-579050.97166973,-467169.12213108,-842550.48805263
 396403.54927625, 419949.53179382,-609787.70802901
 978297.20605498,-356810.76948089,-189594.7034966
 756423.87540979, 58013.67231609, 835970.79714297
-34985.04412415,-724102.57989354,-651262.17635962
-413787.15308116, 852452.34037026,-303180.1058992
-670490.91543254, 892325.03963263,-275304.25064177
 366100.79858379, 358642.6730016,-383768.95367882
 159251.65375196,-543089.66276445, 402002.3206209
 315895.61932508, 938256.934026, 532827.27021956
-522619.53863728, 689284.64231406,-486375.8923823
 322113.37535801,-512264.17222674,-843676.15855875
-542176.43732146, 174501.8663494, 655429.07037443
 649071.70150809,-983653.86395013,-79513.70122519
 68013.88267747, 629286.84911416, 363968.43173218
 650068.24241995,-238492.34326466, 935777.41931347
-57351.53215307, 801556.64669152,-874095.13946961
 803752.75011695, 336030.74300588,-897904.31122026
 130188.46133847,-953957.55501614,-675739.67916481
-707907.07768601, 963199.00852088, 737639.44933832
 542597.41395014, 81873.56616737, 588325.73302314
 201050.75216991, 763991.72006804, 648540.16247491
-354130.12472255, 163356.90167692, 469941.10182802
 475305.14007422,-740792.99490009, 571307.96455304
-301274.68253642,-740944.97755144,-308421.46539613
-328688.53224895, 654297.37226678,-641940.37614362
 636807.80485152,-538310.85944334,-541471.85811436
 178342.06315657, 568624.01306476, 873938.18000751
-224207.58636777, 202130.04951398,-592170.11178199
-196336.65909466, 593869.14276271,-166959.096172
-681348.69665138, 908624.02828107,-297964.33150487
-113138.37507307,-278653.62516463,-701415.99765731
-746341.12663936,-125825.25417429,-383640.63116881
-339253.40237099, 582729.57455955,-779169.14259917
-123275.61623042, 166881.48278359, 103755.77116527
-144301.50145202,-690837.3924655, 217566.96895944
 460258.65670826,-877729.56606503, 430341.35396432
 830360.96062655,-398567.9011153,-767495.00943354
-38007.30378736,-746833.3074387, 362705.84365395
-705258.08860064, 558024.60141386, 736325.66865156
 789328.44425893,-887785.35299623, 803813.05228148
-476843.23861443, 202346.02875093,-431666.39126913
-105183.27777309, 80266.26325433,-960715.32296345
-177222.48700088, 844234.38445462, 900161.91633561
-581048.36747252,-63827.77503621,-29276.92287751
 318540.81682948, 434237.54413989,-800723.76442888
-432852.88630037,-329845.43479455,-103520.05426943
-952093.13321506, 161327.92856364,-735750.39046884
-436030.11224294, 638477.64240706, 374634.80925098
 358354.08552563,-678830.74132068,-347822.73744496
 740936.71131262,-970828.52282138,-130685.52777201
 981935.10987274,-293316.53586238, 620242.69334499
 137417.70708222, 37062.58610632,-888928.18500967
-342654.8090192, 892180.73050282, 463513.98291996
 286947.95605588,-890245.49827987,-43420.54950868
-655013.81001263, 492287.67685464, 482631.12984459
 166873.0375465, 647185.23864437,-245529.34476914
-519645.80767928, 673287.55429723, 214674.52161439
 165230.22227647, 828947.13653931, 488282.49741525
-556561.80838014, 507504.07846595,-206179.98314037
-6823.9152701, 277738.53662987, 64764.33640063
 438764.70588804,-376400.67447819, 943802.50267059
-729923.90047337, 415160.76088149, 953910.19504834
 22037.55348359, 761088.4184842, 608268.68395665
 586112.24526615,-650549.07463273, 58025.9370725
 512624.68092926, 105896.26408479, 82687.296429
 884239.92819872,-644699.15056435, 302378.63991945
 728621.79299909,-636406.96787387,-841141.29718454
-850481.66918673,-262410.48498256,-353133.07320054
 98790.79153301,-235781.53885393, 760459.93649712
-997772.86889949, 952856.34039115, 476544.66698385
-609012.21282925, 603443.15785552, 863940.44595874
-865290.76572117, 217363.02173819,-31489.49086334
 349545.85220596, 348203.6489581, 183104.81393069
 468360.37111517,-563908.99580928, 504985.44214066
-422681.51559271,-320183.74395412,-386387.7828706
-586833.70806181, 865219.0540345, 703616.38077326
 215927.13359991,-496897.46514278, 733870.50274407
-873096.45732673,-722874.89874203,-156240.44066036
 331348.03376641, 156984.28917857, 977601.62857671
 25074.24935858,-265917.89171894,-629953.84274915
-508560.86677969, 254055.16576415, 140853.10660508
 98778.14417511, 48186.50636317,-651004.61654259
-748277.96391569, 877550.93107775,-686273.90952251
-947985.24586713, 249623.62580604, 151263.16804554
-300177.96993162,-818553.22346242, 237425.36598151
-64762.36197744,-133830.23987062,-390057.9645599
-881739.1638362, 58273.1330955,-632355.10941912
 566701.29274539,-900410.45068716,-69301.7835682
 419943.55575099, 601877.1395552, 904161.30248262
 162287.53631081, 981954.56842396,-60357.51873056
 922822.98841215,-913867.15842755,-635892.26485175
-406616.77810258, 42724.33168947, 981341.59308959
 370427.6116841,-281312.69162577, 923222.76051191
-928192.18705781, 357732.07744495, 842540.63756658
-941457.03778431, 462601.26519577,-285439.64229289
 495325.9045675, 788706.60014855, 406565.51931166
-785869.85293134,-313980.80492129,-410350.0629244
 44865.19466385,-318640.87235122,-681689.90424557
-994737.82622138, 280332.00752168,-929515.11337066
 17098.02342827, 170040.34141752,-545730.9052202
-682477.41515589, 37835.88269466, 982321.6446655
 307306.1491244,-821434.98259294, 981321.46642074
 373255.86031606, 333809.48942658, 291913.86547828
 12203.55430673, 824403.72669483,-504159.78462784
 407487.30808092,-573097.81661111,-650433.53236411
-529796.37077013, 663966.72886701, 814933.99153207
 834838.62368122,-541213.46339413, 657137.87509304
 337710.7383937,-971375.42082892, 408942.19762084
-616690.22482371, 406642.70237038, 916756.55972321
 542195.36459404,-59030.28307328, 377186.35159744
 380544.41051188,-490902.54052509, 144116.96029519
-763937.8824477,-551485.79385288,-379279.97383235
 936849.96501636,-679924.95390865,-985414.8889824
-53069.04329505,-539373.02906832,-302563.9376771
-130169.1152075,-841601.46802334, 759457.51743718
 396455.95738415,-210257.60606089, 317048.50233525
-579834.05748373, 217566.7791073,-103976.52890969
 172544.51730361, 728419.90741035, 318139.94774315
 811968.85716225,-267213.38379584, 533992.4990137
 740382.07386666,-414480.63344181, 850651.80637884
-606268.58888401,-991921.45352014,-176748.39320296
 350780.6675833,-164669.0640472, 550214.59224871
 421539.51950973,-717107.28176195, 836611.66956625
 406220.2492438, 181828.77166749, 556584.64577195
-817728.20261028, 528004.78991698,-862500.24251494
 671091.79734897,-53961.47429044,-409141.24165527
-327500.4676871,-760011.75684456,-633292.52482792
-445128.43531563,-221476.82599677,-779081.75673694
 403220.5300213,-45560.01499766,-397305.14194061
 456619.655518,-778310.81247838,-888306.54871614
 649938.72265294,-540597.72898486,-331440.9638959
 204130.86892969, 793426.15378534, 277041.27803906
-124294.65814444, 858887.23081095,-719303.51328265
 412966.834965, 112643.48896463, 492529.57275941
 33389.67308587, 159468.90695862, 154199.32428167
-523505.47638156,-884384.96442951, 933554.29552754
-445556.00171237,-491121.37366544, 370239.72275432
 458775.7066481,-859396.33809196,-276770.96149173
-681917.01902848, 399834.52544551,-240231.99986086
-250867.51664559,-73404.47642266,-645173.1360916
-924679.56418941, 379450.36570747, 156493.63457403
 70303.69420847,-932058.60942623,-659721.52795903
-571628.22096689, 905784.82127472, 436607.78715329
 481807.79110702, 70688.83969375,-1102.15227216
 809260.03866201,-327785.39784996, 604457.37356533
 951232.91561537,-9393.15662139, 487302.75253685
-331680.73060283, 813026.64537959, 985989.85911063
-523845.28964198, 393111.50553323, 244530.08841477
 552489.78238626,-840366.36789127,-462132.75043827
-766159.24570217, 159246.37206737, 641991.0792787
 125862.50108734,-836587.54470703, 539649.14108926
-822140.02293592,-1596.78874315, 54731.92602962
 525293.14306613,-915632.69182431,-473342.90211472
-736578.77751251, 406388.38793705,-789509.01576872
-836978.65017965,-189773.02410205, 157404.28682711
 649733.28490486,-632040.64736994,-772046.32710531
 410025.13270069, 60673.013355, 521564.94927287
-229289.21437611, 451867.86748525,-263275.92386038
-406060.46726107, 701826.27536803,-608000.46838572
-48399.07950816,-179226.60392182,-999219.25071377
-202430.0897265, 552608.33558744,-756297.19264665
-591591.86880386,-362180.38094275,-827369.4387765
-992175.72778574, 734154.62416965,-203190.32816059
 155293.41646008, 705972.65251992, 329912.25296311
-1777.93753618, 987817.62392009,-953970.41820172
-30236.97042435,-606010.855206, 819451.70781553
-874136.30046815,-78590.54310853, 320506.74010559
-784730.28955739, 571846.58914614, 323661.38522198
-800050.84147166, 229172.5242035, 725101.14253855
 980142.27640152,-578903.13812567, 445872.56731877
 7667.66015851, 331410.7913763,-795748.62241677
 287898.93744354,-749222.08500027, 590029.78564644
 192097.78997874, 950114.0528697, 414486.26895815
 940680.88366109,-889371.75900771, 412763.65382615
-30219.71112166, 909432.60396885, 128971.28960732
 561968.72568656,-963774.44058583,-998377.66728994
 805710.65883454,-990312.23331333,-671146.4678169
 588280.12924134,-247296.48170344, 322344.2074609
-564480.77488011, 971299.08677902, 230851.9770843
 344698.07713177, 693013.71269991, 683537.68773986
-582493.79154234, 938198.12553538,-886807.37562589
 659085.29089263, 357129.35207618,-159912.55429487
-686323.6760264,-176256.16605445,-703110.66136034
 462350.00696015, 461925.81112164, 84821.20352666
-721282.06339613,-951400.27629586, 851253.28056258
 167948.18026295,-116179.21053105,-175957.94792431
-253958.17221706,-943823.79969455,-994485.77810057
 830761.37792688,-866003.42821076,-786279.1039209
 688358.44014635, 736262.06747769, 736526.48280847
 846883.90206885, 107256.02138865,-823858.05922383
-792489.69190416,-70694.37746317,-53005.0946444
 579628.77110619, 764426.36460438, 174254.44966642
-383857.64463203, 120244.12693924, 827158.38035071
 152510.62608199, 348145.22740739, 270765.49028563
 672399.31805596,-415284.40089636, 396060.71046538
 162377.61121563, 961557.88520584, 90241.32354495
 178632.67335623, 320779.69128144, 110168.42272172
 420502.78561105,-182343.557463, 603278.26857601
-902006.83843237, 106692.03927244,-168288.89699213
-493282.53977065, 736208.33773267,-597150.29803266
 588202.1670434, 429872.71113475, 985839.69936522
-181770.39411399, 223723.83335723,-826960.39036994
-914126.9896728, 897316.81472757, 688081.97604537
-523908.32142128,-826911.93064191, 844470.2788159
 163351.13782309,-531647.47643139, 684108.58005026
 357243.85430815, 717184.15905303,-607022.92125567
-858252.3939487, 53702.17573458,-227376.61537679
 964513.63126246,-336484.04343446, 277681.37386844
-621848.81730256,-143393.88749582,-757157.6118995
 686229.96502448, 902082.48494525, 209526.56061093
 462744.76224508,-327371.92761942,-921444.00346147
-296936.42354721,-26980.81381194, 791345.54664877
 398176.0786375, 489222.90834,-893724.88790626
 484393.73294587, 483892.38956406, 618020.47134652
-453378.99117559, 525879.10218339, 563187.79542854
 444969.02493029, 517812.81117308,-637446.47553543
 789148.78515736,-689676.30479383, 780314.6969581
-332040.38335882,-825744.34155434, 278669.15272861
-680190.81288445,-140486.37105446, 101518.7821683
 202752.97118307, 181864.99405246,-789418.38551336
-715182.18702689,-155585.22962763,-476201.14874862
-898042.27097373, 693295.85141546,-150188.14145619
-181266.97523056,-259067.30697828, 509057.00531685
 794274.67130297, 301763.43636559,-541220.93772215
-936746.98345076, 624702.73639374,-700118.92810904
 109536.1443916, 681330.01918701,-114114.36967617
-590845.07025031, 259643.89420053, 652122.61517895
-121961.1488367, 582864.43940459,-256180.8137444
-527655.53132529, 746139.69818437,-832866.43465398
-45727.70588478,-106122.56193629,-796220.58095468
 154448.49291841,-369893.20507215, 57825.64321324
 675330.43438021, 23198.62298734, 981643.40802944
 124528.69243509, 809294.1491899, 848741.0868318
 474574.32857668,-405481.85703772, 991228.59142451
 830720.20206378,-975200.35388734,-58682.03664366
 714610.18474857, 60586.04077653,-946969.20972952
-536100.19857748,-111647.22785295,-301648.32337345
 762108.15014438,-481604.03209617, 991868.90447487
-860913.38372028, 681462.36564578, 196547.11724029
-627414.099936,-420752.35977999,-961128.31336516
-993939.74665199,-465081.15642767, 168661.8521076
-898048.81938823,-602406.1271576, 977382.85587913
 358486.3531126,-719260.30558351, 23903.22575484
-511481.73224194, 698523.57778187, 896433.50234685
 936431.87194831,-795979.48124732,-97389.50848743
-900898.30508853,-454008.0364093, 927577.81207785
 339992.48945919,-63935.1990079, 785576.29984925
-990421.35640558, 889529.7513898,-550556.29078317
 136504.24117764,-563098.05000142,-236631.3451973
 7994.90920412,-820256.49673509, 167492.73102276
-509167.74392305,-542085.76885854, 833169.09777686
-49765.17803512,-861621.34492617, 586320.33602454
-333517.86591227, 218019.45036655, 479999.91775129
-926465.08549061, 842902.6910451,-840932.92646752
 222487.50265904,-920069.09288334,-973606.40957487
 514382.32693365,-912369.83879889,-607702.73046476
 866505.5538353,-955411.70785525,-399380.3214686
-208294.38948929, 292262.84460204,-848717.3317252
-851428.79672984,-402665.3237641, 452297.34597291
-507570.5282241, 865620.04252956,-653490.93357817
 895366.78519435,-656254.64678704,-288823.27495436
-211971.67056836,-876067.23695956, 680480.5631694
-933389.23020704,-97288.22696224,-394644.14584312
-547213.56316572,-754194.62418964,-405112.63781575
 390171.75319198,-117718.28462834,-375051.48298227
 701302.01619331,-723591.21182349, 371478.95217311
-89877.31509065, 972644.17177158,-659968.66522439
 263390.86207944,-895096.83812432, 942849.67898813
 901485.6239657,-624193.44964928, 691545.19862811
-165571.32162095, 680627.35207584,-74805.10914326
-100008.14489209,-29333.56689725,-921908.5016635
 54630.74695631, 504131.64326702,-472663.7433511
 612443.65266557, 127373.06715825, 656053.23759436
 537349.72139481,-289798.90082901,-697893.4451942
 525490.18999766,-147810.57925279, 454283.52929638
 828797.06641772,-404472.52817578, 756152.96052754
 991612.38370155, 65819.30047353, 321605.14130428
 376722.788369, 515380.92071638, 545012.00458328
 542704.25533329,-846135.76369476,-593542.6026171
-24430.61842527, 677640.02428209,-533160.51257286
 936920.56479566,-915888.31241729, 749416.57913204
 985610.09141176, 371814.88448359,-119505.74435763
 240640.18358066,-460948.90827519, 840991.26840133
-858589.00208848, 785774.94598247,-335133.81418632
 682813.21546295, 22254.18768015, 320310.29361164
 992160.26297562,-841850.6081319,-387107.23317058
-118699.22607322,-109547.94561004, 468325.4988799
 592002.64910573,-783993.57070594,-833484.54790137
-268102.67968528, 406896.33614274, 382534.45415594
 213601.87411144, 988078.20034128, 221554.39878712
 159326.87369634, 320882.39375736, 46311.97892319
-996158.65341511, 987441.17763385,-875304.97269227
 374505.47614759,-214452.09365295,-975337.08051184
-914111.05540619,-654735.01604047, 555233.87364034
-917721.37977212,-150245.0287498,-905295.63764207
 67451.85455072, 210963.62441147,-585478.41768804
 50910.27688924,-502974.31963315,-654545.64756667
 801867.69729179,-653030.20411374, 984470.06392921
 664859.8512802,-673921.749996, 540113.11411583
-678781.70177875,-36594.62831044,-967938.95958347
-652668.97707, 430147.98031526, 409473.21048365
-168474.06269501,-118330.74460019,-521609.12860485
 971943.10581243,-890092.23203187,-366349.39607352
 487056.89068913, 821569.35737113, 93138.30943824
 951780.13381765,-540658.34226133, 790870.57168657
 574976.81471356,-679314.74550135, 492080.40956983
-485445.6259355, 798547.92635516, 168308.38245645
 725297.78071144,-242562.45002126, 18973.15350403
-731153.64420743, 327099.78545302, 85116.75738093
 742664.10916813,-34227.25533561, 740429.00078632
-785758.96316198, 262338.908208,-603369.21125049
-77887.78643437,-735531.39527037,-929390.8480402
 949843.39260433,-125484.50608599, 187017.79974275
-618229.04111493, 224587.79040229,-534076.78041101
-220719.32191554, 778935.6801536, 294252.17350932
-223688.46322591,-857339.91734663, 686397.06470977
 647517.80084869,-482569.6351498,-541035.06937509
-810428.98037793, 885843.32964463,-864486.05425134
-769623.66254636, 231215.62459578,-134051.57099947
-785923.76169519, 799412.21489182,-634054.25247272
-30373.07294369, 566646.22757221, 658261.57290486
-204349.11148494, 71017.32238708,-18560.6043899
-671836.41055807, 341620.54686798,-809506.74428027
-345215.01678555,-848142.34774397,-824905.36415713
-624791.18040496, 783260.71366275,-681444.08717273
 581996.78984324,-489504.9363626, 693130.19831541
 655921.40978213, 877898.92604273, 258604.23870639
 62437.45913945, 578971.0397321,-109016.43008579
-735107.23675715, 976878.43658141, 621257.20976513
 831930.29729989,-806298.58953348,-493536.54738455
-5923.76522955,-364446.79596998, 805024.84543116
 235351.29771947,-507075.29595181,-64225.73973368
-716432.64079501, 687870.20791576,-655600.85910383
-852566.49169373, 939513.21942276,-519720.08380285
-226706.4724, 466623.33685535, 185565.86119433
-581815.78284624, 436816.97922012, 76837.20388675
-595533.21876069, 882269.97235224, 244195.6528725
 401815.5471543,-363641.18213052, 512696.91881666
 200642.09337567,-661019.68395106,-864089.50182164
-728812.74393118,-123600.07185916,-132332.70189697
 854473.54966434,-682751.92965524, 201484.71854913
 304435.64153603, 46012.36960047,-704132.72179191
-198217.70015219,-548867.87143448, 96972.70998178
-927404.57250231, 465774.49101985,-61120.89497866
 666686.10940766,-826661.77474951, 233721.70998248
 268714.17355065,-81990.65248577, 360.99826915
-637097.21618903,-106789.13849447,-279810.01613423
-833047.27184899, 785733.12588378, 710557.58067284
-65263.08214364, 703053.41304438, 971164.38121682
-788660.71539829,-747553.0857483, 48212.22836563
-541080.12406891,-581050.6554223,-861753.71670059
 676958.04732264,-578075.92979532, 720264.8487628
-722681.06908168, 744456.14406916,-976030.03768659
 863331.06009339,-977864.80989698,-191648.79404461
 861665.00895218, 36348.76122867, 936808.00472913
 380529.82206699,-922755.54737554, 623434.99071113
 222349.15867958, 369241.30545963, 745898.40320169
-417592.21833559, 486353.67809445, 463245.25180054
 495172.62660875, 878144.17697575,-952898.75759668
 770038.15407818,-977325.55793809, 274293.85142301
 781961.51910186, 861299.67450731, 518531.84318993
-61330.42119722,-348900.57146405, 762416.11436412
 490369.98945896, 111241.65125178, 365144.38167022
 902195.95342143,-239232.12000251,-764475.29581134
 423622.60131897, 772562.16643549,-413353.53494555
 193407.00479937,-933630.42960695, 763220.56727929
-95641.40792713, 411683.90099594,-611985.06523086
-844265.79754938, 176505.74233111,-738886.61315318
-4021.17778835, 610397.9692526, 382949.52322786
-974103.52348059,-235928.90611165, 816866.82638413
-239126.49432879, 691478.60086631, 179316.02300076
 783475.52360018, 66281.98076924, 884055.0777647
 959453.81698189,-311381.15511807,-336987.75670828
 730544.41359156,-253744.43884728, 749095.31911518
-447618.36216866, 326122.65898197,-854102.74684316
-463121.91846665,-465286.60169002,-866730.81066027
-795565.77743621, 579013.21796793,-608332.45733929
 288660.26771483,-750174.2605909,-159117.24329204
 210106.4971261, 22449.58053119, 479236.4138796
-779248.19837543,-16614.1525634, 107452.09316172
-364108.94873683,-614902.83148245, 877479.19369633
-599548.23194257,-541988.3225197,-144213.93049975
-91983.19002225, 247901.56084066, 35099.67768104
-18624.34176531,-993488.68264224, 498939.48708675
 524039.80089998, 807721.09594677, 817756.43700166
-93960.47678912, 531645.05973583,-154914.78459549
 492568.21090632,-174874.09097547, 409099.00766376
-935102.14219418,-111648.56180103,-73827.67419546
 182394.55072148,-58499.98927933, 963287.79825687
-162173.3660538,-709460.54519588, 205800.67895816
-29808.48015623,-602348.4215425,-441843.24646581
-183586.54949016,-183911.17603363,-832661.05700634
-723291.16833383,-165376.33764757,-504288.24725245
-648002.25624044, 242325.07578297,-697011.90705853
-148853.87494128, 111646.58222883,-362436.96018473
-553798.26662584, 871076.06869788, 333966.85102941
 843192.00840658,-486025.26093494,-154976.72647001
-665093.97599121, 612490.6157056,-35314.1460085
-296789.10827456,-783954.5466382, 887551.5543975
-504665.04591964,-347545.41917479,-277688.36404585
 384513.79478699,-634234.58811794, 684924.51262072
 903200.80143949,-185133.23482025,-267877.75526233
-372193.17402971,-358846.12789244, 321397.85925853
-565263.59281327, 805804.36848958,-113510.53722919
 470423.231231,-661776.63573278, 259460.04071707
 404975.29667513, 183632.22797557, 479100.07765786
-393830.89980549,-155202.63660513,-98305.35816602
-406500.96593028,-279213.58253635,-742049.30343539
-355857.18890952, 671725.86643678, 922493.50307535
-570499.08888928,-210289.03791042,-649899.79072048
-126303.43921472, 470127.36580112,-630621.08878905
 837616.29410584,-423201.6970926, 651819.66967807
-133818.58698336, 940146.34604246, 763555.24104809
 809563.10888803, 297561.06641997, 118925.63595252
 986376.39249634,-779407.75236517, 313969.59056671
 897585.34214135, 234421.65616186,-338979.1928529
 654184.7922925,-682254.23579389,-134944.4886691
 455358.25440568, 948298.42470387, 442666.8711251
 626930.66932988,-344312.83599582, 879698.72977726
 458177.19692181, 536302.65769924,-221640.65133544
-285057.68707934, 619520.65615088, 655387.2300516
 243654.74284242,-674917.22374593, 153366.13834641
 224674.25368674, 892128.85345215,-926535.30438932
 351755.82942424, 387359.35567769,-277786.30367004
-427281.21449062, 895694.12814118,-398847.56795206
-997721.8909066, 674747.66752986, 505938.51373409
-887136.97686072, 670305.88546076, 244386.71320556
-897700.92034598, 67202.3141087,-94991.86450847
-620903.08530073, 619478.75894651, 736124.38656125
-800392.6944167, 665407.14593197,-108418.74882078
 913464.73296513,-412671.30070847,-988773.17147594
 656214.18982791,-699870.28967353, 486790.6461802
-505618.84985497,-318623.73383432, 369076.3059428
 158963.56358051,-871164.72052093, 863691.97736471
 583351.90785712, 205013.52147805,-546200.68668127
-240785.06239835, 110691.30047023, 177533.18916718
 729000.13002848,-961346.35263584, 188073.02322178
 955790.62283877,-407586.67169675, 900100.98938287
 598588.58876972, 207440.41900323,-46130.3911997
 402150.99754367,-619227.54074949,-132135.27486562
 688426.97807704,-994676.89830611,-948960.39135729
 779747.85313472,-947062.27293835, 589457.82146673
-668367.23896777,-656272.57175695,-542376.74129958
-32406.85144017,-233806.68342152, 294641.10468292
-880098.25759987, 354954.66655847,-811774.8284275
-436818.61757861, 163962.60525671,-586574.57946446
-695721.92308063,-291467.33540061, 381244.84753942
-429517.29826113, 389946.08745474,-833575.9537978
-586634.0376295,-933022.48090075,-797992.33261961
 86838.00262621,-926782.77301611,-39098.09566683
 351518.70186829,-655251.03231723,-486720.41235603
-556239.86266062, 945010.88843797,-56771.66176383
-66068.65860191,-459314.56538576,-457727.05803283
 693867.31508037, 21214.30174019,-450023.20386387
 201959.28854352,-500119.84644035,-686736.39291606
-910446.06126286, 373966.54354952,-903905.76250679
-7280.07476518,-933520.38595928,-260883.00325133
-434372.41186941, 463927.3948588, 914529.67034203
 256125.46827558, 240069.14087297,-939299.88764833
 338780.15247217, 797057.04896353, 306157.65400839
 222593.62323593,-788532.65460193,-837269.63668599
-53207.38276229,-867418.01380977, 217357.75617629
 76808.00875636,-609111.59996792,-962724.00459697
 910643.48825316, 455987.85439935,-57014.92482295
-988544.61510478, 566597.22527923, 163713.2140666
-833897.10059022, 43898.00572739,-363401.45293639
 172837.73769666, 275314.66534992, 653924.37640186
-591147.82643449, 6839.25725828, 727095.01986321
-666407.17243328, 559603.52849659, 818468.21653504
-355257.88288363,-468706.94136263, 670794.74923294
 729071.01434264, 226038.56914309, 830863.62949205
 741673.97326417,-428020.56807918, 156284.23078574
 54757.84963058, 143439.63809313,-248991.3090547
-874700.47555231, 492063.7850032,-693618.0589266
 33769.02051203,-124791.62875907,-975208.1475349
-390633.531761,-721315.15814674, 927905.05177424
-942746.23030709, 546460.20195076,-133368.9746231
-859194.54688478, 795645.84461742,-750532.46108964
-913442.5452725, 497558.78334954,-680762.35671504
-27527.32339403, 683910.59517393, 610184.40374051
 785529.7033792, 824187.01949803, 573020.41768651
 276947.66870162,-533827.13217835, 415908.10714064
 770252.80257673,-747953.72062146,-115110.84116795
-213677.91297249, 760900.12684322, 512560.81645852
-352611.99539442, 840228.64487796, 5833.46629812
-250321.31342353,-192274.53509083,-865720.83606801
 810277.4814935,-501400.85874719, 100854.39597301
-30944.51033453, 399815.64882878,-661789.0917909
 908279.24516915,-488371.20831879, 374095.69563536
 153966.52290619,-76817.06344288,-653894.71093336
-134997.42656684, 813281.38668509, 697027.46587087
-295396.43604085, 113623.47917498,-389130.06464974
 332629.74173633,-839648.82441317, 695362.84204932
-524397.33775386, 24580.45486509, 548382.74386906
 921736.93793482,-930845.86752764,-280094.65402383
 411008.04219092,-801388.37186691, 457556.23772813
-282650.80586322,-884166.58255344, 752503.80658099
-947863.33161669, 738941.15904943, 67465.82681432
 683981.51643812,-493687.74509989, 612023.18772096
 486886.02400803,-746453.20843935,-821805.09322956
-263476.62380242,-360608.59793356, 176281.40290379
 856022.89264604,-731290.29022199,-888659.86196654
 570779.55502229, 101123.21773134, 709376.3058156
 948974.58006281,-915276.98276219, 368057.42131347
 963980.16555018, 348155.52351347, 893930.77428128
 604709.57968695,-542830.60349111, 40396.09536437
 452601.72524165, 185504.47002842,-417041.23999022
-57917.0701874,-517420.0973266, 354892.31833719
 69456.8057614, 808387.57258578, 484907.3276304
-788892.92821584, 520515.99854013, 852012.6290558
-642157.69099844, 541404.17781629, 700755.76693906
-414000.27866196, 10534.14331066, 933201.01197741
 38081.76421081,-267205.2464148,-945379.7559379
-202694.84621044, 514700.75648179, 421576.6101273
-699037.76671057, 340142.25813809,-348472.9935267
-101002.39145879,-447119.3385278,-221023.43391689
-250404.51309863,-99430.08738573, 813405.52342414
 790759.32210946,-977278.03362479,-228587.09417492
 72225.88307461,-477257.49977461, 413061.9269927
 943244.18309346,-959379.35468653,-72483.03151198
-396153.99264475, 121031.42031655, 66700.32918367
 167144.51790625, 929732.06187015, 305961.79418253
-195619.73490838,-330120.3079407,-680893.30363845
-232453.85392041, 761346.74825977,-422734.18778645
-514983.51505742, 410710.3420266,-317673.49937093
-61049.20135181,-153069.46495609, 598871.15208897
-888145.38883954, 879074.28218985,-603158.28509238
 9573.71519166, 478833.21903766,-877235.54852941
-708274.52713037, 873066.01781015,-331923.25650986
 781151.21744299,-790641.49616831,-406963.52060748
-444807.4169585,-176753.15667185,-481825.83580901
 572388.9520763,-104062.92387409,-840937.98143238
-393443.87945262, 902656.83044201, 758720.57145981
-769570.88592521, 949745.75372191, 762290.16051041
 799870.77698019,-932225.59449379, 886574.62011571
-161307.92250678, 301620.20174601, 425823.07040244
-611596.32463994, 196694.7779792,-578618.64200411
 140767.48580788,-387928.03767756, 810637.17734659
 734695.52790028,-828101.98433459,-595063.5635116
-886975.16580429,-400256.81764823, 170357.99610081
 998715.85117677, 622129.43395845, 721157.0955439
 386011.72994559,-184243.60205777, 859821.07611401
 402227.85436308,-509970.51702323, 628943.26027753
 883531.02586858, 636005.27276928, 50736.42479398
 958333.56594768,-375852.36701765,-124730.52977907
 390289.90025295, 701714.69828962,-856897.44847524
 957982.52104512,-979092.77026489, 323470.06932772
 807888.15237054, 25995.83978084, 892185.41570573
-182361.78763599, 65758.34254067, 954021.69870744
-348252.94232957,-489571.93960072, 791073.0888116
 144553.56003489,-566470.82344626,-252353.56622031
 874576.22160611, 143893.0612312, 678595.94471366
-289016.76498601, 809631.8037942,-707211.81821304
 661431.24325719,-713850.9534603, 522438.832763
 640884.20259927,-24506.01223684, 755973.36720772
-876355.78327533, 138381.21742681,-208085.71698685
 718972.90973899,-848771.39042785,-573410.72002174
-419324.9383315, 643854.92908342,-276073.96557304
 213833.82750806,-283326.0794846, 848880.37685823
 685834.23205469,-812840.22964563,-411044.19028819
-340724.24086328, 808829.04869216, 162405.38780892
-865728.59140403, 677029.37536526,-543303.26307716
 924159.37691039,-960731.49432214,-865300.13379939
 401908.97028745,-828584.02981871,-957361.09067522
-280430.97452821, 710030.7682204,-485743.03605837
 158940.8627161, 213217.95040882,-919360.69546293
-580002.1963018, 857235.65325471,-304595.41728354
-248853.21584189, 805743.20404075,-485633.17711168
 282948.38549496, 374035.04342469, 487569.06331719
 229268.84790391, 632530.72299803,-129886.48574842
 784152.62251987, 237558.26667152, 143402.63263144
-830262.17337209, 544584.30046969, 23446.29491181
-702342.89411772, 810629.51433354, 701894.18681827
 574978.24703459,-621618.78783659, 730070.7644322
 399710.31761973,-581213.71448842, 835753.65143443
 859509.54607928,-162970.66307219, 768762.00105427
-270321.9281907, 865592.16862282, 702949.18234385
-308428.57665563,-735075.38140431, 118836.36799518
-633108.89248792,-847718.50310752,-846245.26584776
-647545.75690942, 265358.27638926, 641314.36901043
 714217.53352774,-319871.29768979,-632699.17917025
-975001.84586952,-6952.83042398, 949224.05928792
 311001.34513361,-389005.1618922, 757021.04430365
-245243.93665243, 330070.27134904, 243728.79966878
-829542.33551646, 959609.2531252,-507646.85719759
-411774.87849808, 914075.36402123,-426158.33150542
 190356.04283434,-919178.35657469,-870834.75469745
 932832.2262179, 158031.86373547,-942511.67992683
 122058.77390055,-773746.60281752,-92440.23966226
-382643.97532085, 926124.78856433, 792247.71657899
-771344.23721326, 865748.86613084,-384476.64364453
-302494.97807392,-530279.50887318,-2578.83068963
 190115.84403931, 381764.13196015, 853277.83546916
 454453.13154987, 713269.17838276, 945479.31342368
-918474.86686358,-775234.40324293, 907360.66393608
-999612.78314038, 504283.78836986, 658455.76360132
 402127.1697221, 97673.19774852, 66869.99135964
-208708.08320579,-694614.09777157, 520214.30146066
 227958.10249394, 4828.87951246,-777887.46813516
-805365.38990052, 530671.5463819, 536400.22092012
-336038.57083972,-618506.19318533, 297135.95292618
-345887.7125052, 966119.13150232,-721624.5565187
-227080.28310444,-163150.79196108,-727231.86969383
 89613.72526352,-294794.66548738, 500305.26640004
 530865.66191965, 195809.15251456, 599753.88832407
 503066.34470239,-324475.90138544,-557562.58145009
 427961.41702459,-604339.2574116,-619068.83849621
 796786.51681265, 131388.73293468, 339630.64229398
 107365.69237574,-543761.18557743, 933181.32931592
 931742.91605318,-836885.40700181,-579793.15192658
-771637.96421679, 985029.11324852,-691019.34229778
 379682.11684818,-846336.96176629,-636371.24270274
 703675.54739909,-370864.69535425, 323311.47847557
-469557.59578529, 529332.46564337, 557532.94277755
 74416.77849995,-63213.1927622,-338271.81593008
 614438.70459745, 129562.25840965,-201450.60548839
-946138.95223757, 770151.14716801, 286776.32733131
 506938.59471285,-559145.61739261, 854536.46976152
 638482.38085625, 922877.99522471,-809632.35895097
 180222.78868469, 997149.01859553, 829192.22908209
-365951.152571,-458039.47225137, 851063.44936179
-590858.18165853, 644746.34676452, 231903.72940368
 552859.93295219,-415581.69848404, 138039.10853088
-245359.33400419, 187627.64322826,-807041.65703233
-94732.09795926, 50052.45121082, 200985.659753
-285543.81555133, 258404.86538031,-767446.24299178
 323897.62610659, 303972.67216621, 385580.06492713
 108193.60633118,-174618.20410662, 203311.14807988
-907745.22820134,-30.41806066, 221061.8920922
-22048.35386036, 479987.74495603, 642911.43684525
 482149.19827097,-266073.22216965,-805615.52200361
-931893.33722376, 912498.3876486,-357072.97643393
-880710.38284644, 186342.38384433,-297723.50383475
-318915.90862238, 426254.61427294,-847331.45782039
-432614.75222847, 476024.29191067,-615348.037203
-954111.51006549,-592247.35848815, 730214.48666682
 240263.78441059,-859823.58571064, 637922.89982185
 415506.92464537,-488335.21913945, 176749.45621871
 607365.28572269,-875632.24630038, 133226.24253006
 589174.20014131,-498702.75921133,-472298.74025307
 129124.06370536,-125049.0856577, 39494.44509527
 386459.77207955,-304380.14160244, 582988.63794081
-47808.35483505,-731717.33098916, 843724.06281999
-761810.44141355, 65181.66986397,-463951.08084518
-679386.28722812, 817478.86450716,-12060.2551225
-338816.51922557,-175995.64574216,-513520.50210707
-707688.08757006, 895915.51957058, 757616.0688756
 399689.34369463,-690887.55437411, 414757.73284636
 183938.40851937,-558245.89853473,-277623.50196816
 65404.33741844,-333554.41824515, 424919.17726067
-95455.80444098, 280055.46600298, 700626.68844565
-199579.80951461, 822724.56527512,-201840.31802127
-172656.54324232, 414867.96165604,-138509.48171247
 52920.1872512,-772415.53800535,-515561.2859063
 182223.33146453,-10120.94668452, 994884.38219444
-224777.59964417,-276334.55427352,-879137.97385338
 9953.68512662,-415938.59037783, 917925.2328337
 835234.26930989,-60971.54930057, 398898.22496357
 450039.3995382, 757629.85249201, 474666.46585455
-352124.21017015, 965309.07324113, 847387.66678566
-140536.21982065,-537435.67933432, 390241.32405222
-304690.03536804, 736132.24632716,-749620.32231868
 237237.09863958, 737328.66664113, 373118.2474185
-879652.30118244, 392606.58756663,-563563.18951376
-160830.089183, 844484.80271018, 542247.0936591
 500805.32392904,-814011.02608544,-708082.81672751
-972857.46571909, 316500.07540735,-839197.00915731
-877586.57640361, 799088.02143457, 365658.87442142
 400381.02214358,-291515.16796593,-803265.43925145
 577519.93701861, 21839.82877714, 369968.34054284
 55164.45566505,-66978.37234629, 604863.83982378
-478948.00966599,-394464.98948876, 763828.84806327
-704161.58105619, 521236.04836854,-719778.40134902
 643861.51795224,-837535.77156778, 477478.54572058
-459340.84248549, 833035.34103212, 372477.87570775
 728975.70323397,-182234.36754736, 174333.89832639
 417139.0337587, 292073.24120341, 885044.13846585
-726912.90322722, 669619.51529943, 334294.04893976
-200563.53915169,-412601.86851724, 48271.79484582
-380544.83580572, 607557.33371592,-115009.61920175
 482590.7665954, 605000.62792554,-348171.46621545
-261216.60263019,-836495.51887252,-701787.56676846
 779088.162167,-930454.69197323, 417306.94242958
 84168.10988861,-786736.69369295,-188005.03650696
 139216.76619973,-519644.00069804,-145427.65469909
 343949.08084327,-533794.91043529, 770020.09920601
-193470.14543126,-948894.912246,-669292.60754383
-978891.99444502,-410160.19484332,-952203.29452856
 713492.9612548, 108799.05916619, 778146.3866298
 107300.87248774,-664187.25997001, 467610.06016016
-398040.48750501, 30895.56776064,-379173.04607179
-622138.27868901, 835672.27075407,-920096.74915164
 356219.25328223,-983974.68622999, 366616.42335663
-806676.6829596,-796169.38010016, 34660.1555627
-830510.50216318, 729876.67354962, 904775.96030736
 339943.33935859,-937872.73970243,-787711.95914773
-2854.38069695,-536498.89714679,-110242.67508788
 126422.47209131,-399710.13424878,-336873.01541567
 942343.98550906,-955564.66161231, 550265.14422228
-671705.06331869,-105836.4273728,-700271.43215436
 672108.87311198,-342548.19478833,-319140.86335528
-473032.85732278, 42291.16704099, 44797.02791568
 490790.92454001,-977426.86854973,-808973.19680811
 17736.2453649, 832963.60383986,-944132.11197377
-847547.45210579, 836026.1509848, 529747.63310654
-368579.55837462,-638444.99720782,-773668.96658455
-404581.56840179, 349971.65934115,-869213.95532078
 548817.98707205, 2603.76621285,-487996.25089291
-335078.80563473,-494569.25861828,-152365.1993211
 282207.75845613,-660955.52888147,-275442.52735556
 275313.97852353,-281928.26050842,-219312.33641515
 971488.32147188, 467401.44427436, 673846.25495716
-705804.82948689,-470928.18115643, 940007.60933973
 133216.51978311, 114595.74660898,-248322.26362216
-408805.33519604,-48611.27400042,-416404.98591108
-411129.61074527, 215343.89034149, 691076.3025318
-942036.60836771,-34627.30527111,-393622.37601914
 276751.30346624,-185348.63477915,-366733.81194655
 20875.87913125, 205064.49383423, 723747.45831184
 314211.79971642, 418675.84510954,-304734.83899289
-199836.09061636, 880424.54877396,-231162.38701336
-698173.89023692,-288797.46561317,-64926.86883316
-699018.32972348, 719891.66400816,-697709.29933611
 963380.09923418,-562590.78595345, 867145.05711037
-804196.35124426, 476502.54975568,-930973.62838083
-380900.47675224, 488328.09473386,-493280.48874953
 916067.56071343,-950173.42914423,-953213.5486807
-965777.71541102, 446497.56110324, 464985.57303769
 52434.01795703, 821021.4833661,-555871.46804634
 13872.19525671,-116801.27790504, 547087.31429271
-195766.974261,-698315.12731821,-227187.92584957
-462277.74011393, 971859.19545169,-590811.02567914
 307598.66139924, 488816.20579294,-708868.61126472
 868710.77336774,-381536.99746108, 581717.88923144
-873340.26213705, 184694.91241835,-107084.00422971
 85820.96676845,-743880.62042837, 796706.24586695
 546328.21003736,-228927.94829291,-953916.69827155
-766008.47674814,-955962.79259555, 464465.96173299
 680507.86427842, 17199.0140189, 411734.24524696
-36213.7410286, 608656.80069369,-859746.88057999
-947839.61591411,-142941.00284467,-249723.40174853
-47070.99808617, 13634.2150888,-339743.25446744
 210709.53843288, 112066.20763302, 172641.98276634
-662997.67668958, 517339.11686, 896674.16789574
 765855.81075481, 470090.90535096, 363283.39680794
 242828.43288184,-769584.77125751, 872763.01936646
 710566.92839366,-286381.94300812, 815968.98254675
-994449.79382313,-333663.21950934, 417972.07130323
 801607.9688833,-668632.42411446,-143363.90199265
 180042.53172433,-679327.72294798, 369217.57613842
-489282.95669907, 407677.86862655, 28145.65846818
-557006.24306357, 339004.94630971,-415891.61176846
 814813.52444553,-403253.65965228, 707716.81083137
 108041.5932357,-805089.13984363,-530530.83962522
 321004.58556936,-567721.96507317,-286360.97627353
 390937.27312893, 821172.60067475, 132016.99387529
 922800.51385129,-736006.72796372,-681607.27716765
 341450.26715672,-308479.57926449, 480524.04746341
-656201.38407108, 314830.63009795,-63599.28018398
 5344.83473384, 321404.5585758, 48967.45959835
-877174.07668338, 934834.34573415, 977390.02888717
 784637.09404362, 403946.87142094,-95818.2121676
-656230.76136944,-712460.94178246,-949461.81913156
 220458.51803582, 460098.676054,-429993.99210229
 833397.9198184,-473960.7958591,-854881.32772767
 84084.93490964,-790766.52723613,-486769.87030293
-629739.15134584, 558470.64306952,-230817.5210119
-922037.84755774, 877861.4286373,-146059.3615856
 862664.65891361,-76579.33501729,-830715.78126388
-226387.81282699,-480301.18531954,-371498.70977088
-332708.87666997, 651039.106685, 193388.21715106
 39216.19437831,-940073.50018608,-258381.24849161
 611097.17556596, 261601.10457632, 805947.64999486
 503202.04534426,-483763.2970199,-625369.82878858
-910746.24266705, 862511.74348467, 33195.49180316
 142693.56802684,-875524.53420001,-18317.34080275
-14435.6428705,-432812.05746621, 447426.00308796
 784627.09838835,-559186.56848068, 740305.69046092
-961958.58482837,-455438.11335171,-632020.65051233
 874364.99824245,-688145.0839177,-989787.63651618
-69909.1942631,-576670.76038728, 307683.8540716
-673536.41658193,-310402.85609677,-263836.88286811
-607687.02304774,-446656.46560878, 229103.64934249
-916576.10717776, 915685.25933356, 16117.67103686
-554846.84392059, 325144.28101792, 162222.93700486
 339095.40478078, 90454.45953587,-549737.61911877
-228251.77146293, 60871.08241966,-218492.9928403
-277149.33592159, 204554.96557551, 524015.98155391
 301775.96037614,-119709.58176467, 562605.19599272
 630211.76548864,-900608.64542404,-729138.92369561
 462240.22748927,-878713.04913601,-7932.05274355
-473589.308279, 350879.13376376,-882855.60273749
 634170.45916221,-666001.90405378, 152527.65421661
-211711.56620009,-266154.67525206,-985836.8334895
-841555.24970017, 937019.66350991,-839569.02754913
-76696.85626363,-7716.53849909, 564444.27859338
 653008.76071568, 576783.92275973, 634579.37181981
-630078.88812044, 534134.91018954,-318572.78635153
-235866.63576076, 652425.74956906,-976422.03287401
-32437.77258801,-447678.04430573, 8679.06832
 851268.19996955, 712737.09393414,-560037.7657015
 666445.2675732,-745356.91711833,-266849.21634697
 660015.84135454,-882092.36896898, 938954.18433456
-877411.79556749, 557793.30795454, 591676.36601142
 163046.62518786,-469461.41795684,-748812.99159231
-55094.53175977, 785709.26207616,-633231.74737062
 268745.2916749,-110234.58088384, 307269.58112595
-756976.97011233, 937964.20133458,-282823.84829469
-717631.47665904,-136342.25507883,-935267.18623319
 724799.18111325,-221529.59621932,-864383.57698673
-17083.38181189, 337737.98057488, 76267.53932841
-551002.34527972, 291686.24181743,-593093.93614255
 318621.58167025, 263893.95513546, 250271.44695206
-773431.04487264, 427153.50003745, 970716.25360242
-384145.10208846, 857090.23264052, 988268.07287876
-872403.36778366, 816874.77646083,-300611.06760711
 146398.84653354, 514543.23129954, 929174.22833326
-618509.4244578, 318794.16379787, 106169.05178297
-840878.95995698, 46957.39531001,-918240.21766264
 212467.9109892, 795869.7020241,-150993.27972031
 338906.84435155,-953351.625602,-512970.94612167
 583175.76396382,-925433.6446049, 354899.29601196
 158406.67632067,-880578.02145837,-52713.78063258
 989465.84818968,-590756.74705777,-773553.77565067
 281844.61804102,-457524.00898033,-834909.68789017
 253201.65441646, 331471.86892564, 731516.35078655
-265528.59779356, 432246.23604624, 195354.84468114
-133993.14706186,-561559.9803557, 315310.08856857
 449527.26740093, 875396.16672358, 694900.37443912
-960087.40667367, 66465.52807362,-235552.39744549
 783179.36373903,-796243.62958444, 593784.55625115
-145869.62959436, 217102.16433106, 69927.85439639
 329646.48044518,-76745.52055617, 75473.6904498
 65994.45084345,-600717.42264903,-458068.61990025
-789142.71776973, 954717.75038206,-805507.6186215
 93533.86379934,-681954.05129026,-419311.37855094
-786140.90149392, 567802.25284403,-722847.41847044
-255481.60868224, 527700.59686882, 158483.06260276
 807408.78312818,-627159.2777626, 146303.48652011
 672596.0850861,-377438.19113199, 341432.3777857
-923168.89980367, 124599.86629403,-91584.76098963
-857498.22393204, 581774.58023809,-476617.23902023
-630127.77357684,-47748.48339863, 838952.3039183
 501246.47392531,-126604.38915009,-901127.88269994
 678982.88305217,-233006.17718357, 552672.23592896
 14487.64575193,-822287.8315753, 869862.27495686
 463875.29947216,-614364.22309099,-184747.39594889
 958253.5798951,-625714.54769744,-421626.62766646
-776276.65755466,-538327.64984929,-316290.9837963
-663393.57462853,-103181.78590275, 975049.31137725
 798348.45772628,-191991.27768381,-576237.70303612
 67748.93209982,-672407.69484561, 789927.66439587
-920353.98294471, 241962.90941469, 507760.91964379
 699871.77507721,-220676.35631219, 528243.00452925
 930465.87678012,-713996.47743535,-210383.09675725
 282481.72412914,-771275.5196041, 794481.73788058
 673163.8112339, 23892.45571038,-958193.75119823
-952060.07955597, 598157.68995853,-521172.82750851
 229661.66696247,-245938.89446147,-332701.34283005
 135460.5554992,-797375.27362389, 529105.2616318
 250330.64042904,-669432.3405222,-293845.56782615
-992579.59549082, 437052.96247693,-317768.77532172
-858099.3451506, 660389.96735084, 512726.44325499
-574497.58143302, 955552.72345552,-804861.85530837
-185351.67763084,-785614.17295699,-605341.20514298
 265282.65579488,-32776.71222502, 226591.9095716
-106606.85824885, 24793.21056642, 900864.29261071
 65054.80400278, 334732.0425462, 238554.24513181
-719771.92588925, 302643.96953774, 297960.23054289
-617153.38832975,-188041.91759237, 539065.62860096
 503921.8487999,-635908.51882852, 526265.00711668
 188572.82182373,-136448.95299896,-492872.13251481
-515041.13503499, 927393.26010032, 380176.1842087
 50866.51273466,-399056.10765586, 213344.56021559
-254511.91707006, 874033.62965952, 208329.55398289
 133108.3581784,-904815.2239424,-649859.73990121
 781134.7386331,-741156.5171953, 446160.23365352
 305102.04398915,-359766.02799, 618876.61231217
-893163.97331264,-40317.50962674,-808365.86223107
 982001.8216582,-581079.76636475, 709046.62835863
-844510.90541632, 524989.02795548, 617824.83423562
 708918.8290367,-805522.28449516, 154834.24516445
-521001.32790416, 234366.41921286,-401304.07458943
 801250.04067525,-360928.22170044, 94162.59241319
-511333.78095522, 522893.50942434, 349480.74525198
-999296.29948453, 683864.18531152,-501501.26868228
 786344.46365116,-834117.83487414,-436666.91990284
-932742.95203919, 672694.82882581,-309139.25674178
-843844.10772658, 589264.64096526, 233188.86192563
-303611.31482294,-311534.98539307,-744009.34898732
-226124.90371866,-161399.42354136, 220678.61643176
-531780.09003541, 855380.74501299, 951120.03209069
-437794.48969949,-593561.14760332, 968009.81585855
 647689.47245575,-423135.93345299,-181084.89702378
-982611.58345722,-345664.91188037, 644968.89396147
-129072.30653418, 85945.26820891, 565693.9224096
 716929.74609055,-805837.70593671, 794084.19412556
 94334.86228171,-659447.62010988, 417279.2723452
-884022.66113896, 496548.49629029,-250458.91751588
-116446.30471841, 249192.10758241,-836049.75713085
-125149.11645962,-164615.05861672,-509001.53417418
-219458.03824326, 396174.97036726,-867685.07072178
-143701.60789558,-844211.79481097, 698958.262211
-900246.16861787, 665693.56775554,-994131.55307709
-324457.36300046, 403070.69214875, 120697.58784567
 592392.59996837, 342172.79408262, 432378.51599883
-902147.75855698,-158164.14959145,-640042.41496143
-548389.18196707,-817556.94297577,-388602.93405678
 575515.16540117,-561622.05160585,-865431.86945262
 876211.93626138,-505537.59726585, 225315.82107811
-244143.83631825,-171617.62104096,-486262.89322911
 17034.23117055,-631338.14010108,-173818.18373318
 268897.24230769, 283465.87558738, 554806.44944622
 251870.1455792, 972307.23797727, 208188.33605261
 861243.55534853,-823736.86026169,-116516.87130577
 545089.21029013, 438461.32442396,-969988.62551353
-128719.96257471, 304721.39672721, 614041.57565182
 639513.64850354, 332593.85337502,-489748.2916935
 651386.85144932,-439063.85768303, 893928.34912158
-473051.2215025, 327153.36015427, 218085.12670756
-414014.59914609,-91130.38070542, 842076.78241764
-368758.89950876,-503245.51254869,-257130.33716185
 120071.94721585,-93879.96681997, 729010.71768224
 35182.75504092,-788290.5574789, 889268.42166548
-662826.96582445, 896253.67392694, 482280.82922823
-836642.89234049, 587164.27940682,-882353.39299478
 631309.01284149,-488971.80496804, 556618.76780275
-269901.06741886, 546393.94009922,-64638.61913388
-371076.2552805,-761088.33922369, 627897.51695544
 587087.20820752,-963976.53879823,-594939.94692734
 474002.78525312,-700554.58120679, 347499.13364352
 238503.49895577, 527466.0038206,-497092.26895878
 770189.614473, 393902.24805607, 539488.84732854
-328102.58948758, 132784.6267908, 150360.96318164
-702887.56309562, 638097.16525329,-945265.39317805
 253368.34992668, 273634.31547623,-116027.89386257
 788040.64136927,-888044.07849323,-647761.33587085
-649436.63670007, 638661.74468939, 675889.1930493
-983815.94075496, 457295.58095357, 200275.01990043
 21104.35669049,-828270.84163168, 980482.43501062
 839991.71720487,-318337.0713019, 534641.03245789
 587683.78153945,-775648.29432929, 870345.8573179
-179941.78099281, 679309.31836896, 981407.72950592
 868646.24660266,-835031.2147778, 486225.39711727
-92174.46636923, 434151.09213896, 774552.01873342
 753377.13652918,-690267.71246287,-389080.73600528
 798842.12259217,-981317.76039416,-576282.47967158
-641060.23842753, 135529.54359389,-61845.30424999
-96660.54132029,-523883.49706355, 420742.06379222
 349051.95031748,-649754.74466455,-844126.32993547
-612260.71899209,-293269.79809603,-22584.40722014
-70134.87617965,-910374.55336054, 997508.49351849
-637053.25689249, 24850.74856787, 314262.10382619
 235134.69486072,-341823.14096089, 584193.38323668
 333054.11345391,-740965.0106677,-553288.16810127
-202047.44554169,-551252.10805715, 429340.50688112
-454706.58282296, 473966.70232454,-106808.39145819
-118938.7887319, 720561.71613055,-541958.58410183
-212961.40905238, 677928.33953237, 626939.16130342
 20266.27560395,-918525.99873858,-985486.45828218
-675454.83506666, 552030.25487596,-496923.68074645
 560587.11637503, 768240.55229902, 858550.2361934
-745395.36726625,-120483.22993933,-671818.78034942
 816738.89147039,-717735.95586163,-707080.98761553
-162936.53489062,-146570.79102232,-926730.232313
-630624.62087422, 880606.64403039, 572439.23991564
 906790.08705874, 734590.9099034,-58821.70182796
-845798.79891483, 426372.93981338, 821292.79511225
-497376.31889363,-328774.17736461, 366506.47120975
-290296.89827662, 446521.09335627, 462756.50287177
-152051.35110289, 521942.54629435,-288668.84476593
 600694.3040069, 12250.36341866, 98053.90552437
 349285.86423821,-800729.29764456,-683772.53978168
-508639.89925309,-404933.1844832, 810064.33751381
 149479.02386237, 563745.76056384,-408375.28512795
 483791.84486722,-884066.3966671,-551079.45046884
 262760.24925362, 47297.07922283, 568155.61937581
 477017.6192068,-864982.51842545, 800619.42639386
-940503.57806296, 399233.41372828, 242972.1636387
 802700.86207325, 127976.97975631,-998041.95313593
-427917.48058708, 925665.26343125, 883954.46446975
 195156.15913821,-454684.64554571,-625169.23834271
-889540.58604903, 651277.98162838,-894454.39398985
-688290.87704415,-529642.31274965,-438310.35001403
 287027.12356271,-674540.85792582,-715606.17334633
 264271.81741206,-593921.34253315,-429987.52266616
-774962.72885586,-120659.52337178,-694683.41683505
 62212.15276404, 421557.64820615, 667355.9984606
 451984.97833759,-940454.26546246, 256000.51191486
-818884.78420868, 441567.45756709, 78728.53141187
-5042.34496743, 156351.27563119,-422062.95414881
-103485.79851104,-13677.7413983,-610842.8824119
 206636.27309905, 733937.31648763,-891788.0592121
-244132.78358239, 857018.69879488,-376918.87904102
-855494.22618923,-601803.33308669,-676376.64575398
 524342.87018976, 28340.86739331, 705626.40776148
 858443.53774, 12076.61183996, 381636.25111014
 132866.96300857, 558237.29549979,-205080.53710415
 802405.13769714,-286234.55995409,-326806.02024236
 913951.22580761, 297208.86441551,-342618.19499864
 601421.14081913,-560825.62325722,-946880.47311051
-756109.43365095, 775193.01518287, 322882.64727777
-320181.7198749,-61655.26838364, 478442.89968998
 952305.25329392,-540526.10067698, 636829.86144987
-765599.67465057, 821411.49176537,-730741.78498119
 505294.31506783,-298599.79536729,-118860.09101575
 430889.80849361, 679373.41691276,-99913.33271908
-980652.43139727, 592166.10851263,-827172.65368575
 422592.90814804,-643525.04317946,-281207.93009037
 301547.73959825,-827492.30543736, 301560.60027673
 831598.26869196,-207725.31291544,-788692.58804328
 798761.94714432,-802875.45429668,-184253.65136251
-11222.48426186, 527968.81582838, 278570.85077279
 941719.92682197,-230521.54194559,-296206.52385841
-825796.74541835,-14149.51160275, 75620.86834481
 588606.83862738, 986791.31693495,-840522.93144943
-559778.53434143, 820257.56810218, 462170.55275018
-845148.57663326,-713790.60032553, 916070.85690968
 121875.6836034,-62634.45588987,-202740.56022708
 22486.62566523, 338443.05657226,-371923.33167264
-472205.45869295, 739280.03603458,-326769.31287137
 437572.40063771,-415372.17402018, 378202.32683659
 529468.27233422,-227272.85692846,-402027.72998005
-768619.69188139, 493563.27258438, 984693.63121703
-821815.44025805,-87639.79076592, 968933.46574743
-394905.45501313, 631340.14580982, 44604.28193349
-561144.78629772, 421981.49007425, 937794.90235902
 595936.57639342, 527703.8085763, 43487.59800271
 9231.62373206, 352806.955095, 953535.4171848
 178686.83253461,-68561.95101704,-538651.19632719
-860432.38193575, 206853.93100959, 373506.14486277
-764349.32864061, 706957.48588017, 61905.68823218
 608224.62749363,-294992.01124778, 697663.21229422
-160504.46007001, 653525.39813014,-15793.46466858
 232907.80292497,-461328.77179908,-602343.92302737
 914065.61756556,-470177.73464285,-545782.28408877
-386059.36616403, 606347.5952832, 168583.42661667
 702943.70935456,-78342.50518137, 223313.75842396
 912666.02388807,-898960.26152196, 194451.56471263
 355387.82245476,-763812.30979129,-729542.1801309
 190045.16749636,-214216.3583203,-277617.40836885
-912531.90205475, 271129.22756441,-604851.91251648
 728476.30037169, 208855.70116068, 630461.61635611
-840741.06714712, 833708.14950764,-969605.98252237
-4542.5391591,-546556.35365655,-120947.50836039
 926671.76591877,-423701.51620785,-660013.47223446
-580159.94014911, 763112.43913889, 367405.99733692
 959020.36478319,-652839.50318749,-785715.15108512
-676620.69243287, 730508.50176962,-887726.79993609
-779626.48798819, 854419.78254231, 545609.67450035
 886005.23189816,-459507.86820758,-186797.75838287
 456617.07864526,-545064.44052959,-626061.93785281
 561231.62301386, 650469.74237223,-910029.59214484
-311322.48598893,-710597.71393695, 223952.76395819
 698758.20842256,-526669.30363653, 34624.39374189
-445782.70438611, 139667.1843501,-978453.27899683
-283271.88820112, 149040.93276094,-584141.44479116
 781200.73707282,-438855.98881077,-536871.8847889
 279803.04736471, 539927.8951276,-833439.33596277
 966034.74512077,-289735.54672616, 69569.9595126
 177247.43005988, 587806.05728846,-64127.9375922
 361220.37528827, 553213.40783409,-426738.19135903
-920822.29121273, 670596.61762758, 856963.38052725
-35126.54292879,-601535.97731231, 700377.43636158
-767236.68526793, 698534.40111069,-59567.89334759
-796229.53249383,-654051.71059573, 959566.83166948
-533504.24699883,-82695.46481969,-312025.56022227
 706668.58170315,-179459.68261115,-995728.89801858
 80970.63139557, 293591.26966735, 95305.16903797
 198745.8479049, 23934.68137832, 614309.45688279
-813274.83533719, 278801.19629116,-986511.99514751
-183969.24214553,-615727.31403712,-90009.16519776
 555330.47964324,-975788.77908923,-708646.91019054
-593605.28969011, 821011.34828497,-48373.31469906
 212184.15895204,-69497.64120197, 12496.51931198
-120061.66709806, 32773.29836117, 111256.55783324
 642309.8421687,-911808.06557754, 338480.37036948
-631900.67884382, 737793.21702593, 725004.61997891
-258726.14029491, 277630.68687475,-391873.63116123
 308362.94511953,-637216.27906705,-59857.66515515
-176634.4944057, 37540.32443791,-771157.33934702
 822551.99372141,-162386.49005561, 216213.5610258
 254414.46083315,-752308.70485754,-589562.93668262
-310023.38338803, 627861.92514405,-863016.96512282
 422937.14038564,-910794.09191841, 346099.27995366
-812857.90473136, 179436.12104512,-226054.41516066
-704013.53691879,-106347.09522564,-602788.12196659
 654061.32783083,-239486.77862918, 532094.91357748
 710294.67238727,-314613.91628315, 323423.43698545
 393836.30371823,-345449.22444435,-826511.3118709
 771763.25576956, 308262.75765555,-449466.26409706
-180619.98067479, 646578.84692919, 805787.02705942
-893367.84400507,-263331.53799106, 232964.22118205
 694386.36475581, 251161.51236258, 69866.4984613
-686521.89054594, 35040.05660298,-750623.7365705
 175007.12004768,-742841.46436415, 495157.3049684
-781361.19690702, 358283.9835307,-356567.36980829
 933676.32144259, 786796.15134588, 367342.29258899
-642746.14985429, 225014.83715194,-155805.31702125
 15525.27861417, 369727.02968, 864390.93249687
 682146.93590482,-826448.88041623,-325817.12773423
-670037.61166486,-383041.54965854,-98099.68174541
 298900.82484159, 11546.2638788, 349616.56693511
 816424.39801599,-735171.97829258,-384771.5600768
 698519.35165046,-525396.30387583, 589994.86129502
-527279.23112179, 639072.28830503, 310231.20176782
-940851.51357102, 907795.163126, 826012.13221944
-254565.22873287,-723852.1421554, 643407.17287111
-246956.89913619, 991190.92088463, 734005.58170022
 308929.33586427,-843890.47674484, 450305.86032252
-251414.01702564, 879867.50020598, 247351.31844596
-890102.99889634,-77603.05031845,-289057.43199469
 106191.92330897, 68422.30284748,-842217.89243838
-678493.58815378, 154996.4303991,-740163.4496642
 723301.36679218, 291221.51810173, 922401.86612506
-609612.90596523, 627185.57655908, 526342.1479425
-242086.70121318, 37406.23613426,-221414.15367057
 220567.44825242,-637823.95587788, 33138.4774208
-730791.59165789, 308507.05590196, 941637.32305942
 129655.17949197, 635952.50397324,-442409.26575952
 911252.7648851,-864128.96212198,-120505.47509717
 422621.78339069, 134077.93115568,-470325.46806474
-281452.825893,-17326.46003059, 928088.25846267
-470868.03978453, 232043.77075229, 918766.15703711
-297497.81690327,-655099.3419064, 478741.92344464
-456731.63397279,-873408.39828382,-888766.71006199
-510759.35873133,-683526.88736673,-674697.56410109
-739789.59506409,-616517.37000782,-472826.69847515
 934583.97700547,-311845.00839035,-146389.64229799
 893029.6158355,-610419.26830521,-138777.3029285
 522652.55751412,-128417.77454379, 9030.82057234
 70460.33642763,-121549.76607454,-88543.61784619
 176232.78752259, 862165.3381112, 794533.19347898
 234765.15847674, 939624.36020184, 254728.96175135
-10313.4234218,-398742.76724295,-310.49523975
-996967.70111713, 86531.67580665, 638632.96066899
-144659.99388151, 85515.40040724, 289312.83498527
-405630.11995358,-914082.08371226, 210328.40757129
-333205.58421128,-10126.81600386,-149166.21215871
-396769.91773538, 629687.91444596, 24827.85781279
-114904.03204507,-258850.08258808, 466660.09646672
 58382.7258379,-290105.07039478,-311060.8036397
 290191.66086495,-715980.03273246,-136659.14383723
 741353.10199907,-621260.10520491,-219760.32516517
 591666.38188985,-334231.24943756,-904682.57329113
-796752.18626045, 29203.39241621,-261197.57262939
-530884.07280823, 500787.24091713, 66681.2940499
-292822.33907092, 153785.62458853, 218873.24216616
-417825.30594361, 705482.19857444,-732291.06577294
 105057.59708039,-207670.24478278,-256549.79884921
-952055.01897226, 140254.27031306,-559269.5493225
 654994.68902843,-443401.50903042, 626733.10609859
-671416.97720975, 769690.11990788,-683205.28525332
 610485.67772815,-502608.50085591,-166919.28124282
 807418.13750099,-745858.98997887, 295015.43632318
-662515.73101766, 99457.37350768,-880721.59012063
 981975.95865578,-693132.55764024,-84130.0446921
 902972.76857593, 461234.02547967, 490958.11745618
 380771.43178951, 319092.87556876,-332337.00043622
 577714.83644566,-16017.68933359,-403318.83372509
 934517.21416963,-32535.61905042, 12688.37578411
 743235.63242202,-668205.24511315,-843800.64155029
 544928.53785255,-501536.10269941,-820839.45468841
-775906.19609773, 401895.27342049, 489014.71098795
-305879.82044712, 289250.9642646,-975288.05691542
-334120.20845994, 279682.43714611, 836372.26670719
-378391.51910064,-309079.41235497, 576466.89528814
-648505.84191023, 389082.89459199, 690898.8204883
-184278.95462507,-345007.91367728, 892943.84433745
 111918.82753881, 230407.74475699,-561120.01158701
-519580.51708336, 500037.43309419, 109446.2458638
-854500.62092373, 629856.09977352,-613077.69790466
 394987.18090042, 85021.26509664, 298495.75249794
 494866.74124818,-472068.47093057,-317727.10299082
 391157.51754406,-862428.11884528, 835748.56730333
 821733.15810844, 371907.98605481,-883536.07274496
 318692.08064416,-529726.16839673,-88285.61905032
 790594.6848414,-295067.13917978,-302724.82851515
-866439.30417091, 416331.63638128, 184108.64781508
 780111.62707002,-385097.91735878,-427469.1540406
 993552.56834399,-998180.3092343,-596850.60290373
 293002.11884336,-213647.75813542, 808727.34468565
 192081.91464247, 496754.82620505,-449587.69688151
 401857.4100801,-510935.31318136, 455418.33614479
-45154.4665812,-530961.09750901, 712535.22113736
 229087.05314037,-90386.40245782, 10117.72507069
 348809.57619788,-943937.62094195, 999446.18191772
-923052.58616683, 935109.26894262,-218746.88983215
-691186.33561676, 832931.0351889,-433551.54532479
-20454.30653233, 170663.52880858,-200808.61890969
-281731.21668088, 111850.21685631, 338255.67739468
 275452.82026545,-11857.90689304,-209351.0999847
 287812.5619389, 1328.67642018, 985250.21391258
 233345.25718978,-683331.53321091,-509577.54807855
-604541.23293844, 115219.47752894,-880683.88368679
 522671.00117188,-587684.7375989,-789368.80822183
-378736.18162508,-773678.6680135,-591251.70624029
 84166.63628042,-938859.6169898,-655355.49315712
 107516.86991373, 568355.35650021, 773381.64056575
 598290.34351028,-82664.20120557, 20041.99008737
-39027.25292392, 477955.37263522,-483286.80251575
 796014.59138982,-315428.74814736, 660885.8649766
-976305.33195991, 664838.22480808, 147842.98613086
 566407.11792098,-497315.93681038, 191960.12688049
-269519.26991495, 637344.59411423, 328923.33279879
-874679.19525587, 102994.1822397, 122544.10358516
 320683.21931611,-81120.57719913,-129137.44563433
 535822.64977904, 991838.29861689, 589391.42459459
-985032.85545117, 831270.73804301,-898642.70922127
-697498.4295302,-455484.95334572,-347268.20458658
 274337.66117381,-603259.9598946,-137114.8469064
 435435.21097205,-476950.96204106,-462793.37808584
 702274.06046981,-646838.80895114, 45691.46660993
 35037.12351116, 9156.12527536,-514684.34807596
 204521.83397821,-655110.61641365, 791318.70160205
 613114.16232475,-501872.86708928, 989066.44188015
-167824.21610666, 346208.59954447, 736528.88449446
 418672.64639205, 855250.56422469,-69452.69621083
-448658.77740412, 866156.98152677,-456900.9699398
 57113.08707886, 482489.93598301, 163572.71786141
-152369.21221301, 361770.96546042,-836068.02778039
 802416.01553294, 387064.99196881,-972479.78260037
-688978.10964477, 644257.42435226, 910449.25563459
 350783.31608355,-369280.50403267,-222240.33508601
 549871.47622379, 667634.84486068, 832812.70128169
 548354.2215203,-462259.78091166, 220378.65262452
 463325.56257349, 514235.51249074,-313963.4643819
-121566.60812869, 514942.37886292, 663676.99769532
-985190.15245055, 600795.75804049, 953431.66322896
 926296.32359763, 134221.35971526, 494291.61149519
-928652.24834842,-389704.36220486, 473926.93892388
-172057.35749444, 946342.06288946,-151360.89609182
 377149.00693255, 161995.54569785,-365090.82980436
-687604.48768712, 971628.21942901, 615824.44901473
-192182.90029472, 925663.45310986, 143658.29795625
-963050.70218041, 859969.97923857, 11740.75342711
-682279.69609229, 555238.35462603, 850180.47161439
-116560.30850017,-1852.4592014, 74666.68308303
 952568.53815819,-455138.19919516, 51565.7301704
 47087.33509371, 538419.9657358,-892998.2167195
-200498.14505508, 407040.17045191, 656048.41372401
-866535.23507805, 440556.68191599, 713530.0467777
-304817.03378039, 459827.71955543,-317459.01196597
-886637.62084185, 455610.56845533,-751773.55799136
 508227.74266166, 648879.94994766,-922287.17656412
-259176.78462113,-71561.4179253,-339959.46818523
 652471.75373402,-308639.62147578, 588888.43903825
 489553.05422676,-609063.56274308, 858385.76609525
 19611.25517192, 878481.9361914,-124967.0138786
 962980.52505882,-421188.7632181,-309765.84256598
-214346.98380429, 709568.28990377, 25133.56722529
-806274.42634371,-659076.78937596, 525284.04619838
-14627.25861534,-785872.53274899, 653594.22619141
-596440.27787703,-262853.46113379, 207390.32841386
 810265.47935194,-694328.47213475, 559606.53173743
 719327.31946419,-781053.74587008, 161833.85675681
 492790.72760211,-721902.16057272, 777086.76149333
 928146.60223037, 224119.9440359, 124962.58203175
 482312.272309,-449739.27165688, 537926.31840455
 491916.69607662,-948295.37549468,-204395.90288208
 752437.57173074,-351070.35984871, 641056.37730522
 938853.23156937,-347160.09294028,-575868.01506772
-543606.57319307, 855754.33692146,-429262.61731423
-484360.95674628, 756518.04843385,-506494.08385771
-199842.69053145,-320530.92554908, 627176.05958402
-27660.56096035,-778813.71928823,-917738.75606038
-554203.39966452, 10358.7796634,-511496.93403401
 40913.84082599,-548337.8463103,-60398.93512418
-263385.4379608,-882367.09547401, 43543.92114573
 659050.2904424,-955810.05804346, 514754.18284769
 646627.88862737, 53532.23179249,-167132.43822283
 76234.8742204, 244679.61524855, 498848.39396706
 602008.12584979,-493576.61978382, 424744.47303655
 767229.10776276,-248975.96758553,-323479.79353998
 333349.0063675,-973412.11597637,-972579.81780947
 674021.47234783,-842151.09639223, 456997.22470488
-463392.15974572,-12691.53475991, 100324.18278607
 852944.73216668, 37476.66845767, 157182.81256264
-806174.37571268, 581903.17207142, 138420.49941571
 498946.5147735,-916667.86442019, 576216.02880489
-259380.53614382, 921640.19492737, 755281.01944448
-729473.14315351, 820878.63159931, 515755.82558946
 426224.69928702, 385094.07327121, 21432.2717605
-430484.37935215,-173071.30667466, 913420.53946399
-824066.47692448, 926425.64279709, 325984.25952733
-592986.66536693, 351143.76490169, 942772.50624581
-459818.31368448, 459230.87766721,-384408.37292049
 446235.36345349,-859344.40602028, 580142.82292838
-76789.83314884,-389110.50916612, 838858.17860281
-597457.35748995, 949688.18542515, 808972.48571346
 646752.72407291, 436066.90228886, 592518.10914865
-84724.46321711,-730822.17241886,-878997.81365776
 135493.83058075,-730013.35449413, 741610.15162728
-56768.80908699,-554313.2245786,-332851.00640405
 684378.72698401, 43225.31370546,-990077.8838059
-143580.31800028, 730072.60965827, 527839.80967933
-788169.21085069, 316343.95002116,-388720.61429686
-439390.58039939,-443466.90823883,-878766.56574355
-538823.65595995,-53881.29339802,-560039.02747564
-979288.71836494, 493630.6739955, 448537.09231106
-482951.84309761, 964082.43339896,-482714.56943766
-212090.64281148,-488856.03812278,-627066.83518565
 616794.45020943,-50635.02285066, 989358.07083338
-774701.27015867, 527946.81450556, 536198.19092119
 106810.28385304,-659262.19026083, 862423.40491369
 985103.59098397,-570899.42126646, 848592.42543223
-652318.37168141, 146992.28158018, 88117.29970132
-314399.13269898, 384634.35339805,-121359.89267931
 795192.64186339,-799741.2720159,-22684.1518019
 778158.73721327,-13069.00764578, 367671.62175994
-957365.52992744, 568593.10312344, 803913.46461393
-966861.10528573, 827294.99829166, 21837.56689308
-765168.75565552,-569492.29444323,-7512.93091843
-443856.72528358, 41324.87545779,-117718.73873474
 352399.50164535, 143545.25554793, 936439.35375144
 581180.84347152,-358259.04605939,-231880.71631579
 572349.79637338, 294817.64645951, 937903.55856371
 387526.39372465,-443614.03886893, 280111.92997134
-725532.77385924, 679346.57580165,-443933.59305444
 206700.53384919,-561568.74168823,-971530.89579799
-640014.58012914,-881015.79930355, 635741.22311311
-230000.53411465, 580556.29643272, 625254.22292721
-604944.18190172, 439977.99432766, 554776.58616951
 372726.09228513,-966903.71925941,-664082.97463712
 821088.60502188,-266351.97709169, 986301.76927494
 818321.21740819, 398195.66650284, 890338.73536088
-206897.29463673,-198978.56211141,-931784.13833537
-48204.03774274, 22827.5037013,-294263.93317566
 882800.74599679,-386529.75731422, 733594.84265165
 693077.79767304,-660389.69368819,-913578.89800498
 515959.54972259,-611268.70654604,-32538.85078203
-698145.14106838, 630874.67222359,-269609.69285316
 812791.58766016,-772865.61659177, 396951.75399392
 64275.98275211, 489360.68787866,-876978.04537518
 13544.0541964,-954397.9200253,-4765.21122936
-563323.17996613, 898806.06901388,-900749.06204441
 853980.92859976,-143129.83862214, 219446.31209551
-918761.55695016,-347739.11790267, 761005.8653214
 805865.82559521,-79272.99058315, 66838.17872996
-631642.42448341, 740788.15642075,-91455.36367912
 840017.0684707,-730027.16013203,-376190.25344552
-293488.57027938, 434125.27011287, 910722.04406267
-405424.75541884, 39289.24849449, 655111.50379048
 379031.02827936,-123340.49196415, 370429.40696209
 979695.70613137,-530486.99699265,-351477.75385829
 824717.38585894, 375859.97855426,-39442.93281784
-866353.87825614, 188968.50678868, 344874.26765149
-130686.02253023, 155959.18132529,-766174.25367847
-278141.74406641, 763207.1038927, 573238.50282002
-343486.94308261, 78707.9475457, 28437.23877028
 259540.99568812,-740593.72161068,-407063.62698882
-312350.30435351,-449768.70341556,-535772.3266337
 905709.89875029,-710196.20043431,-629000.41161208
-852090.25432089, 82079.62411397,-232429.013728
 687863.83928585,-561987.80428451,-468498.93620549
-58862.33993244,-764511.57674009,-690606.1848229
-479346.61315906, 686448.48985305, 34472.99372752
 386676.06831952,-21279.29467119, 289246.07339091
-190064.09000866, 865238.22636075,-157099.68657497
 21468.15475992,-881521.88624169,-164662.74433403
-221442.29741193,-306824.70196851, 463826.5182803
-871363.06334874, 578200.51003143, 848332.55331414
-68089.90006062,-616428.07865979, 279888.99688778
-199278.00605518, 897484.69071741, 593939.5990236
 658341.57941706, 7244.25514528, 240071.05813844
-850233.91680762, 309981.17605661, 764354.58672304
 641369.09082537, 403926.20011529,-693518.14104013
-140788.28756632,-990034.10159161, 74102.81966142
 769034.58242366,-94417.1565605, 867735.99413169
-621305.97057573, 354284.2243642,-568.21784825
 859213.18740511, 875769.87907831, 415165.69198598
-626810.33351442, 473051.62880769, 267124.54681456
 817344.0003841,-776584.3436766,-692392.8838118
-831744.83621073, 689984.44261209,-147836.22119023
 537285.30585258, 111729.62914576,-189277.32944582
 630428.19675217, 93903.52947809,-1447.9209601
 509109.82412315, 833458.47618615,-249350.33509882
-152925.62247319, 395631.27019398,-825138.6848008
-647123.55501572, 932485.12867016, 64527.82642771
-389231.4123954,-269883.44758309, 275525.98975945
 901480.90102837,-744946.83996595,-828101.02655786
-534485.07300487, 791457.00278435, 400322.78711826
 554106.01596765,-435639.85379691,-182457.74820409
 509641.6985753,-391896.28762441,-268377.04189929
 651967.19862063,-102049.51520641, 118816.53639046
-588663.25361437, 597554.97847798,-288546.72916883
 960878.60231553,-563591.52776595,-683577.85450517
-892753.72255674, 703990.73210827, 620883.85111873
-511763.64706414, 148889.74933602,-515448.84461226
 130420.71594459, 591080.39148294,-970567.97475996
 603068.00845304, 312851.34437868,-339110.68190949
 769562.98396825,-683259.45330985,-248776.76353643
-173770.22717597, 515232.38739467, 122511.80266485
-907995.10677739, 452276.34534904, 479428.62773741
 758214.78493359, 287609.47250891,-48554.82995822
 450475.96834526,-858715.50826085, 458703.78795956
-18985.12240431, 747528.76227774,-789944.84420585
-816776.74106761, 206413.03536627,-664701.40928409
 324224.7079212,-493107.7361214, 237899.32278445
 216897.24024664,-475223.4920257, 560723.12357901
-606197.26031798, 397062.88869347,-437436.88971072
 583904.04889535, 499524.26041456,-930617.98508288
-795159.35336375, 287245.701478, 797106.22907404
 518336.23510918, 699126.60103881, 962709.03794676
 699556.07538593,-430882.47199625, 565717.61788691
-76711.24130329,-687999.52599258,-982571.33534849
 59111.3386335, 335834.35458584, 984814.1019264
 258852.37865722,-5352.80430872, 409399.51094759
 567326.8506642, 567859.20408116,-199687.55173437
-165851.965806,-395371.2302427, 82268.02881677
 709313.61341624, 50421.40221049, 412830.36687958
-756985.59568559, 385113.80227314,-344595.23471056
-365522.88820826,-912034.2758288, 902164.42617246
-535216.21861479, 542983.0430127, 116724.19559781
-661242.44631393, 303039.01901241,-238738.21172036
 351433.69836281,-266709.34498961,-333962.67017765
 795696.98691405,-582454.65582599,-345383.98408163
-596927.0530599, 460585.82436344,-462547.8208537
 664761.19052531,-660692.93544115,-304653.96557503
 562268.75199903, 240587.03986783,-613242.56804682
-162849.03859842,-538283.18539951, 765750.60595651
 376649.48079092,-792967.47887006,-662823.72104684
 152810.7742938, 176849.98917418, 690318.9745275
 806773.41017592,-774741.96598806, 733332.786744
-700621.62088123,-327341.07164116, 962468.4353414
 132609.33227223,-998037.07649711, 88730.08370266
-388180.00160043, 206425.22695047,-643081.29173828
-340463.07050031, 631114.57246395, 6368.69997676
-423834.64967822,-341927.01581666, 374876.13672285
-388535.63655185, 155996.65810268,-617211.29118521
 171934.24914869,-616219.1172264, 588121.43829856
 302389.05637547,-626012.4398672, 980632.78074452
 349230.15243583, 367300.84285955, 650260.78310304
 220861.8470579,-607646.43050316, 889973.2494559
-733427.80530421, 934844.95323861,-21209.64728043
-693897.88365157, 597546.44905189, 865137.24639509
 674914.07235539,-580907.74636434,-946040.35666147
-841883.64435061,-819392.75270855,-873056.31369024
-67645.84096282, 59033.10166639, 583825.40347169
-492322.01745905, 382084.28565066, 253012.37947578
-523527.70051645,-164819.00005266, 31999.95014744
 837003.15882211,-287116.83465611, 572345.21037138
-930143.23793845, 437415.72475488,-148932.65286189
 606199.3430512,-933088.199359, 398429.77440932
-717520.60155697, 657.94343179,-441051.80413269
 317012.08625202,-317100.58446047, 633281.70347494
 615753.91314016,-159977.27599456,-701347.63725342
-41681.15417766, 58940.81061576, 408385.25789556
 645671.37224144,-493566.14154377,-482124.60710842
 742476.42917314,-804899.59737657, 964842.86819435
 829201.03637222,-381400.72278781, 339288.960502
 969049.91756258,-859970.51438789, 611574.81744552
-386802.4800097, 911361.46478665, 27557.73462115
-90975.86490153, 366968.11616999, 24547.67500506
 299172.11566253, 322106.48799373,-188163.17580779
 788646.44570972,-586115.47694099, 612470.5377207
-727453.15907713,-115178.76244213, 557153.72435577
 296466.98413547, 633352.70217243, 563176.16426209
 270855.40953434,-494230.37973153, 52079.3157524
-524695.35923363,-853984.87060881, 846572.19035346
-124256.86203975, 892712.85194316,-645300.81548852
 547419.83642128,-815532.38142401, 913358.35494927
 92144.95987603,-121994.01696393,-349677.64547215
-247018.71444778, 168662.73738946, 32093.5948394
-976259.91228174, 455446.32651257,-502811.02262249
-374400.26477983, 768703.48659273,-541319.31954697
-550602.64775919, 470518.50227859, 893699.10058537
-314425.6909136, 856368.26974884, 207410.46401641
-828300.68262676,-641108.62373243,-154697.75715818
-260466.70577793, 477045.56419596, 956979.96408269
-400479.52912086,-545728.12931935, 411164.81734587
-831581.9951627,-395871.20026322, 896507.53900035
 530255.06378313,-563782.21292829, 150690.86338553
 638755.02913642,-1205.20459561, 638097.86664934
-257599.0234984, 800139.16137054, 662994.0095157
-906324.30239242, 840345.09790641,-939399.91497122
 171795.92199752, 635211.91571337, 277404.21178086
 135306.11495074,-369908.60843247,-382106.33723385
-55018.43549653,-932956.49705851, 744884.54473661
-847833.21437887, 933783.89350297, 74917.20054773
 152656.86254615,-846071.11507501,-917847.56335468
-48304.72283984, 661627.07261179, 79432.01181965
-795258.80282902, 960793.99862283,-587385.10287738
-334811.83799114, 622305.97577024, 737624.12376761
 90732.65517436, 718748.95005115,-609124.47329497
 718944.41791703, 88142.85311925,-567628.07622725
-727177.86684478,-764129.47324576, 731561.2963413
-625232.63500658,-623125.1083473,-857876.35364868
 987596.88477156,-816054.51474765, 961394.73011197
 91416.62469199,-272887.95185001,-509095.65638564
 994872.45411189,-603443.50947124, 535047.12221153
-667400.05187859,-587566.91812203,-547105.18878314
 560801.19144154,-117560.40258256,-685468.37418901
 112773.92676207,-102652.07614084, 571239.94689986
 196883.7061898,-154554.6498089, 376409.8783018
-865780.79613147, 532682.78266077, 501746.72877092
 714105.97684642,-988813.447379, 956674.71879317
 265231.25599201, 23936.87325056,-225076.02499889
-790736.092189, 193802.76615223,-377029.01520049
-471141.66142058, 187271.08114606, 438488.33449097
 462681.88218673,-84274.82410153,-603873.13285036
-911042.35419824, 306397.06582128, 116702.27023122
 161052.59533185,-971818.70197716,-396515.14211443
 189000.26622561, 703716.59985577, 597789.74218913
 242294.37048122,-345601.80728896, 515723.86439661
-739367.30324082,-156006.52201006,-858358.35341101
-837829.18342035, 997607.41213783,-61273.95545054
-560391.5298052, 742798.55861726,-67132.24944862
 885249.23311087,-365321.99158762,-347055.00662578
-378030.25462013, 694296.52858935, 927004.19385496
-699358.02123274,-232169.40176745, 58275.09855809
 203266.72644536,-322048.52937796,-599770.08862935
-795267.65451864, 573487.65464462, 792113.6020743
-910634.08137567,-313678.63801349, 903843.26317422
 861646.43993498,-740736.30997697, 890081.05472864
-69832.56803753, 168712.42044342, 784001.50425975
 159246.71275096, 189175.11155513,-465816.07381349
 814055.23532691,-788949.93647983,-100987.55423524
-421599.76220225,-670098.8673667, 934211.71800661
 5122.53271733,-269684.54789246, 216039.20837309
 12435.22958869, 791836.81253445, 549480.58489547
 179116.24084748, 747849.88752258, 821996.46422841
-89257.20066181, 862589.00839795, 519117.25927323
-438463.53860777, 252537.56380242,-84789.86323862
 111873.54867221,-893161.4427109, 826752.80771652
-792888.5419796, 437640.71245433,-915649.6976724
 677323.31047877, 693181.47542332,-266970.48122844
 445901.13099573,-254675.00906647, 419844.2471069
-149814.59983093, 988579.71751653, 747367.11602492
 788108.42695703, 19343.53565541, 601122.72490609
 22425.53878239, 749913.41250708,-954320.19242966
 806101.27558468,-198499.38955068,-141119.43766375
-883512.52713261, 905656.49725302,-120500.74529896
 19214.47664343,-403665.48885866,-933386.04581485
-871581.29341195, 757524.72728153, 951767.978884
-908784.72901337,-1157.36610373, 197258.64616295
-193166.23666411, 885771.36234559, 183335.81270721
 212710.39753904, 741350.6716388, 162336.86258057
 485317.80350351,-663334.0171109, 472014.45154206
-889338.52635575, 61735.8726407, 437785.67532293
 367672.0088266, 78382.0978996, 704848.87786794
 67794.14326785,-109001.99604523, 967135.934716
 427844.11389243,-235128.80913239,-648608.62810736
 886630.69675913,-839527.30379167,-711101.00834318
-909588.76752005, 385276.68221672,-159211.35865285
-619787.83846228, 681308.01486788, 554092.20199094
-936158.7468272, 945387.11180964, 7105.84891731
-13749.4552018,-170300.57785141,-233579.72843966
 936935.40400755,-986545.98260529, 39193.33656004
 989262.97927715,-917929.86956039,-688284.52622971
-607389.69801603,-457882.66901627,-414855.30155651
-377850.23948584, 507732.38319132,-553656.97828626
 644289.9815022,-720902.75893735,-365621.49373417
 433853.29566375,-627213.62448226, 196468.13468145
-658244.08950301,-445763.54829616,-727572.22076307
-568790.64734699,-285928.48287442, 417246.72270856
-152267.26743711, 729810.33180731, 160883.04101945
 9927.96367153,-477287.11099049,-572843.79683494
 94275.91031655,-414050.47035827,-782014.78682169
-266838.46820044,-173700.758973, 705372.08353143
 643757.87743313,-818118.69061432,-608143.3982502
-897698.57833098,-504076.88074651,-433495.78490986
 756034.40016777,-982812.39834742, 171066.77101558
 343542.4992513, 403294.41612843, 775504.08543677
-971499.68182157, 213012.83168047,-286236.8108602
-59123.50237522,-122320.95253107,-768537.2468029
 88748.76734878,-519211.26722628,-153077.1044794
 387271.16281002,-400932.36443586, 317725.28132031
-131194.97832188, 122310.11177099, 496299.95540904
-291834.48278298, 282795.55997101, 956976.20349318
 837779.70656265,-311046.97842493, 448653.8179744
-973012.42149774, 890264.98465732, 92350.21639411
 784060.52297146,-959055.24021096,-217211.42265788
 597627.80359515, 412425.47452039,-21222.99608191
 200098.65965244, 472068.91436548,-860642.73840549
-372360.50533964,-267052.63789844, 194363.95517177
-34931.61975214, 956967.33245079,-533885.13766728
-537114.75948513,-111668.30237335, 563643.76168177
 731947.76073888,-173877.94936552, 921066.23036381
-861615.63638069, 373189.18543471,-94239.10698069
-414390.21825046, 167131.9698451,-223039.51464275
 914017.24101291,-721888.8002755,-546989.71633205
 835554.74030331,-704293.2760313, 646148.30557993
 413024.11902794, 512075.38612641,-936111.79468549
 20689.16048535, 217670.6914193, 461314.85061456
-14619.8545032, 342384.47352242, 821403.6850204
-944375.48722502, 479861.34307551,-928116.87878088
 951480.98899316,-754395.06274151, 863645.67842187
 582136.90481608, 865717.71075791, 999042.682248
-53956.0096386, 543880.19031408, 652039.45249423
 758330.38646331,-205589.09037256,-697071.68766083
 193348.94629337, 67716.02911619,-906787.7210003
 574215.63889506,-795313.97935212,-742945.79650729
-927106.61112695, 746082.53019205,-564987.95055716
 565937.62702323,-243499.78600805, 286028.69634953
 290401.29813442,-99308.34313573,-151242.86372772
 995939.20675764,-935985.31468526, 884838.2634486
 384078.73268912,-207348.92820782, 276188.86739064
-490067.87307503, 493411.97767965, 749513.55862262
-817554.1386213, 28694.80348595, 529746.77086798
 834093.43942005, 352057.61280666,-653218.22888784
 162881.57972355,-439640.09408698, 124381.75696366
 715715.04239066,-62072.46058246, 90099.35352339
-676003.15085468,-249165.02662598, 106975.26039383
 4493.66165274, 893104.13359392,-353550.59218044
 349585.91520633, 315.74741426, 722064.85693493
-149716.45777618,-647157.57052542,-905039.9826809
-561725.17579262, 311064.28333295, 389312.99306383
-561672.03795717, 845521.20411464,-128035.96568667
 804607.05925141, 17090.64017272,-952301.53351136
-996883.26697822,-574364.17817557,-973174.18581367
 772441.07410222, 220837.21060141, 113754.06754189
-493383.91230209,-171612.71118076, 796104.00689433
-629150.94098407, 993171.65636814,-445794.07724573
-196492.90049482,-817375.24730767,-826570.60244105
-953784.68758599,-144103.40010491, 852687.63207879
-344976.42017191,-788773.73056844, 617523.79498544
-155879.15364838,-695957.15834559,-326111.87726178
 407436.68907046, 57304.4135782,-725836.02776399
 281700.71422143,-429948.31939996, 783385.5343963
 205278.17602081, 85426.72509207,-835290.38768989
 170195.56711485,-939654.02915355,-491827.8267913
-70262.90712691,-516988.38822325, 233658.86917845
-556217.82399882, 523117.39585045,-368911.0912525
 181883.54780763,-305793.0685694, 606777.11607611
-369610.04304501, 968607.60763794, 792723.50590132
 329516.7272795,-930582.54796485, 142245.13424781
-817634.98929548, 301284.63608803, 497901.17052444
 808407.67487876,-159026.9873145, 824633.92436134
 398527.26070351, 238940.2519843,-768439.28289836
-390427.86153145, 521874.04904961,-82431.33662115
 311234.75995125, 245040.01551012, 97710.49590355
-371416.78294184, 26671.73988771, 254307.21487049
 601741.63067001, 138578.03044608,-361305.68630876
-961896.46758945, 68717.13514086,-655098.56694406
 215024.07517232, 472791.41098727,-374360.70002087
-350806.99905607, 445717.35703937,-577125.18693152
-965658.15777856,-657186.50829953, 620366.06737066
 288516.16854228, 4013.59793153,-193181.23877479
-833467.8886712, 535783.09990643, 208604.53706615
 388483.50970572,-933794.13146491,-870990.9233261
 422345.18466445,-498582.70481142,-578659.23776278
 696968.09068436, 802602.33011138, 481164.55513074
 177078.31917024, 847623.05005523, 715051.69497655
-163799.51111801,-233299.11481108,-408778.51727181
-948832.2387668, 439765.29764889, 59414.99019122
 924572.08376535,-929218.94734682, 98134.9401327
-698098.110933, 695840.53506488,-163616.6988799
-219044.52235854, 188579.31484616, 66629.06940568
 93617.19110641, 625154.46394997, 66617.88708808
-269555.92048835, 54728.99004207,-882009.76321174
-378258.12303021, 792417.94335413, 883027.71895301
-945246.9644173,-95199.56316661, 333189.77943508
-942782.44827388, 305851.75692459,-705534.08751179
-191638.58344626,-294226.18808124,-284627.0710044
-547067.23208603,-691549.62707696,-847056.77980236
-858098.05905055, 423282.69988079,-54838.57763263
 534262.37788635, 350161.53286928, 175682.28045053
-631838.25019946,-652655.72022181,-571130.42499541
 196850.04428548,-52786.88153466, 976357.06010483
 175180.82157448, 238676.62701654, 938221.96676587
-618399.90527161,-70754.91498399,-914992.20324096
 577350.2968931, 692600.54489814,-444496.78349496
 43366.94537451,-53918.32892534, 26057.15178573
-596590.1320055, 642938.89878787,-449518.68652068
-808576.39303656, 305909.45813386,-13560.25188034
-884569.89250347, 381084.29676861, 57503.3635794
-639628.29034478,-411265.15592294, 743421.53196846
-26318.62142066, 206681.72671085, 721409.4966529
 757727.09633596,-465156.93958541, 812260.34661213
 752883.26603096, 140935.56467573,-252703.20108726
-269841.37410494, 55157.41821226, 885261.59166787
-725880.0970962, 388590.0428918, 169098.34113101
 14735.92317195, 547939.28987081,-619303.75290014
-804355.81776575, 994668.23790851,-492353.25297276
-311827.72033784,-98697.46421784, 324351.18760311
 336227.74277962, 349097.46099389, 531934.14999343
 273.79849366, 950270.21459807,-681114.26446187
 666642.86679616,-893950.5043495,-345862.49559123
 989718.01087681,-588202.46998245,-711927.89955718
 197151.04665126,-712072.15966737,-670545.74004512
-61356.23641908,-613650.25638369,-252014.0483138
 769319.50159833,-673112.22224651,-316886.94181673
-634198.37100521, 249773.26256989,-472091.00894732
-725454.88797098, 165460.42234248, 750005.70351293
-692238.63155984, 429891.27402456,-342595.308061
-709003.74805276, 925755.6038527, 561005.52160388
 437553.65483881,-372026.97561159,-184843.85893671
 54793.87221956,-244069.60086983,-259190.99701896
 307028.12931415, 699187.49663656,-89086.61556335
 62910.59935679,-813621.87723825,-265826.70664974
-798371.60228237, 346107.7625286, 820608.10330408
 661812.92229112, 646472.08928156,-539756.82015682
-156396.00039183, 993375.46047294,-202834.25802471
-809784.1761729, 105752.18780793, 487333.7004215
 302931.64903726, 730985.75292436,-549228.76638179
-293620.81479132, 285294.47004, 226032.5273169
-299304.52043923, 762284.17818965, 605114.61183136
 300646.97603011,-42875.47270114, 395525.16252926
 810501.97914798,-966887.39667026,-415061.75021627
-756182.62243379, 425258.73205971, 776740.3227508
-887702.8032696, 911663.00872834,-943554.04807851
 132873.01830994,-594507.14592736, 494932.75731042
 410978.06231751, 585749.11957055, 772266.23744898
-567297.98726574,-866715.6317092,-75296.58267265
-816530.1309458, 577007.61747972,-85745.00217759
 256466.88674897, 423191.38978224,-791422.47299435
 22943.82087001,-207464.4556809,-992155.33386352
-721772.88526876,-798154.28958689, 742457.30987854
 307894.66230753,-829308.9121976, 690108.76262957
 365836.19104648,-748704.64921361,-94903.27923397
-452492.93426551,-281758.98012729,-520083.59895917
-420516.21526998,-450733.87833707,-926254.74127042
-852695.88093735, 441175.25408011,-990313.13351393
 532523.16392458,-330696.98236681, 889712.5915044
-624318.84496661, 394377.69661258,-655858.9865801
 777668.92373967,-777978.79804976, 452954.07064938
-505011.57677747, 566584.86095057, 602250.49780896
 601687.12462764,-965221.8577089,-902299.25761081
-742517.42939814,-172637.00624384,-347479.37445856
-365974.5819533, 106796.43794322,-706345.54626211
-601887.23982791, 596153.39802389, 172173.25240604
-161494.81312895, 569896.60841362,-89555.55501291
 264743.99843036,-338819.3388884,-542189.33851493
 93638.4756936,-220136.46530035,-267429.32371611
 514571.71767989,-295457.74071746, 593243.65448618
-388252.08106262,-859317.53569024,-953743.86416496
-898421.11232147, 435359.1659137,-943152.45784195
 974609.85272753,-400359.06651701,-988230.53180068
 376093.26662724, 306979.32394325, 57789.38524315
-636717.98531047, 296762.41248801,-548588.50424768
-40560.87293835, 519508.64064312,-883334.33140943
 358448.00883354, 537494.30688791,-882074.01979581
-469139.45330677, 995313.89916953, 274997.04701078
-477572.82160569,-502049.22968281,-637716.16443857
 811659.99636691, 326755.61804449,-809531.1855573
 668676.27965311,-952609.64179509,-168761.86950516
-683958.9931037, 644480.07423537,-512988.4300531
 216611.30556392,-267934.10177202, 787439.40129498
-631157.95642165, 863103.2243726,-220044.6016364
 477012.19140723,-700714.3129766, 697708.53654364
-35838.26132532,-742408.20180867, 122899.3751288
 827258.40743236,-89288.54434291,-45804.74894452
 842323.8460782, 432408.84640849,-468041.58600056
 405572.46828451, 188334.45415927, 176921.92782865
 902296.1182368,-223470.80624459,-496763.83544371
-640585.78655696,-311757.36639294, 232187.33506682
 616703.33587338,-81052.4138077,-639743.76893381
 488588.22875913,-438754.01042867,-198461.3871927
-13824.78320262,-656522.84202061, 623487.94319174
 696881.47649087,-766230.78622124, 292199.69113345
-644717.91306835, 86267.19420845, 569642.94621577
 198804.99604664,-301609.27407094,-751982.7318837
-47302.72902263,-273662.95833918,-904722.41260373
 560356.4671572,-661145.64122061,-590140.90236511
 967632.76862429, 561350.14860396,-272380.51960166
 719318.27907324,-407632.16867525,-392422.16249572
 661869.99133382, 97983.52283612, 355430.71875474
-370306.14227604,-8501.58455597,-800264.6836013
 163337.66894778,-167917.86208134,-152696.94046082
 606221.95870872,-111350.02826707, 832432.74626584
 443141.00797754,-346452.50579884,-869193.44429904
 525092.46779418, 188373.56245234,-8417.4388488
 47984.09164946, 415140.84367676, 152779.66748245
-228725.6133743, 612650.57061159,-199883.06770062
 531376.94633361,-604047.76449086, 273041.99798203
-928902.46512418, 713711.34788248,-514482.171973
 669255.80199551,-438413.33647422, 376136.71240259
-170585.53023707, 331176.90004708, 861078.26793952
-741508.74999153, 442028.77832068, 106268.11024318
-290753.07662475,-352461.42365074, 723914.09585712
 961612.42663912, 351871.21673044, 292635.92457883
-421464.35503671, 313453.04346488, 230198.00008825
-793080.30984382, 963381.08649825,-914000.54721825
 5698.67905978, 410732.24450935,-267148.37240048
-421500.5730864, 985713.90340211, 978511.83463581
-977196.72447915, 510236.53311353,-981521.48040351
 52665.11673754,-356690.31042977,-579551.32578163
 766872.24453016,-563833.76729403, 589037.28353792
-320437.3101164, 978820.72229529, 155719.81340724
-438370.9367111, 730348.2043875,-677657.66420069
 642019.66677469, 212186.88370128, 614572.39491055
 226525.11494041, 837549.50260451,-855013.94236159
 881948.80465518,-741550.83954283, 373713.31080846
-893362.47049217, 815173.54579455, 702987.94364944
 355982.47510945, 143146.19691938,-825489.02536557
 912366.3158442,-355616.87615796,-243511.90959959
-636551.37280027,-645940.45717688,-414311.69203517
-894277.21761153, 663902.87891895,-608959.47162374
-357971.47863367,-303025.19574266,-862511.3587863
 429444.57941391,-113940.94177506, 288055.81797425
-166316.41535425,-865332.0036762, 480091.33805126
 79900.50705198,-643297.39566716, 355640.02354178
-463258.35482661, 699470.25334875, 988346.5034334
 791123.64827881,-959023.18229583, 866725.56791433
-135602.30930687, 292014.99035088, 703995.31585456
-178639.59766858,-135170.30354654,-235708.25713869
-589293.21498766, 495667.83879057,-961570.94601318
-436006.90622802, 525353.14256119, 329931.88314415
-694714.37662396,-274563.69854104,-548411.4606301
 202158.4728698, 282200.63727306,-941379.56461583
-88830.96387371, 163794.97184635, 433970.29574234
 425759.46156456,-859763.74071184, 802337.48348565
-690675.51383307, 957118.03164547,-85833.79287888
-974847.01417072, 112177.29906608, 627187.91935986
-274766.28146688,-494836.82216922, 662644.79812042
-771561.11913541, 391352.23299452,-530543.66195863
-204150.60061834,-402883.73575728,-287312.43714032
-837910.67761034, 946612.80605301,-874963.37253975
 723090.64667627,-499023.21422878,-411355.1524424
 788329.24264607,-809531.91447069,-309893.10736255
-547254.47037024, 867873.54098506, 695576.13431783
-432238.23847126,-365582.9867542,-525420.63155178
 159142.59623842,-668151.27051734,-836818.08865598
-124140.78862113,-735914.21519226, 254323.67485091
-69626.94864846,-972050.06333316,-529124.8406801
-74718.42051655, 636173.00159775, 504007.69818584
 735655.56711372,-826890.63898669,-517026.65434234
 275328.39636846,-8030.46158928,-50122.92763065
 340798.16776392,-598212.91947836,-364002.74536885
 178745.41728864,-967296.10496271,-263507.03664191
-256854.47143469, 926636.08113433, 790254.09532107
 551097.82326899,-511414.89571653,-217931.16499617
-910493.86710267, 539935.85171476, 291454.42368544
-985193.59349001, 953052.06862715,-392537.59585241
-707128.86249209,-56399.66926574,-895880.78743481
-530331.95765855,-107499.48855362,-914691.59080002
-443061.5158801,-194097.28753192,-930258.65884892
-264134.08468872, 481159.52644059, 610730.28386924
 771644.76775758,-543546.52292813, 913412.37825004
-561861.65056256, 849201.24587232, 246910.95122413
-190728.99844308, 965084.10791736, 246474.3364671
-278890.49508076,-599281.89577506, 558095.18569301
 128191.20141578, 13601.77694325,-614596.98318451
-519829.00098492, 807284.16996675,-244430.15485055
-815908.3068502, 527727.4824686, 618728.75068189
-637324.76291133, 140396.73894823, 201015.27127585
 598438.66091388, 341088.98027919, 881161.96340749
 357052.92439737, 528750.65495751,-696346.61560737
-991805.74235218, 747364.76594132, 271363.02541949
 384934.76261214,-186461.65310417, 773340.31649727
-639907.24347525, 204418.00894753,-390172.20257194
-388240.56731318, 265047.67670396, 132200.76815305
-210425.23124382, 566594.39788732,-559772.02978375
-978066.07279545, 466985.64393754, 984167.66678395
 156861.5215418, 390514.07314758,-693089.50742967
-8615.60333561, 301034.18943416,-737744.72877898
 322950.14764018,-290771.58706304, 319140.84822422
 620325.44645436,-277516.23732592, 878901.18056518
 502431.91824761,-203854.79725396,-840364.77048346
-19432.26910774, 835868.9449919,-581474.36710471
 894418.55576959, 376512.18440792, 880433.21010502
-418878.810145, 34013.9572446,-707761.19250248
-634653.37173661, 375011.79541575, 809215.52417897
-819710.92895801, 631585.36807066, 729757.34679966
-124653.88955922, 153746.97175381, 537386.19930976
 186446.78314835,-747892.60392701, 1584.37574466
-657494.42250311,-187483.63121314, 452267.07853825
-820711.28588868, 62156.57358914,-482350.83111646
 195896.19166278, 209851.69425304, 280320.89052922
-596388.2848578, 708088.95856391, 103009.49577056
 153293.88646705,-922656.21775524,-101972.09731691
-913094.48919748, 961282.22415746, 766384.1579315
-136098.21484641, 692601.93138524, 685479.13554295
 980885.22923642,-69437.30054784, 289503.35379435
-965337.32914009, 457486.10504483,-346821.77342849
-487734.28301162, 358928.95895474, 448306.80126408
-858365.56072777,-426255.4642766, 235609.25195659
-71253.02618937,-310858.8757956, 36705.30560321
-215274.63911205,-997504.9381018,-591469.47787967
 961367.4349593,-781301.40540927,-732572.01444624
 879356.6484408, 357371.95844856, 591616.96658841
-709822.31415044, 833631.49110407, 395049.95208465
 184726.25594825, 572764.34004162, 47542.13451529
-762998.3610017,-746627.18656471, 743524.96572158
 96652.02962325,-268759.33800625, 842349.76960181
-324373.49363776, 180743.9512459, 475874.01654971
 512613.3737508,-550726.4229307,-317830.47117874
 697917.84546633, 722308.74834578, 205624.53129294
-377136.52350454, 485602.13814526,-999733.16771964
-752280.90065985, 564871.43486759, 951121.1428834
-381214.5719465,-817818.00474808,-577107.77224
-32367.21455875,-55323.88932707, 750869.6957273
 95994.12284335,-87219.09086238,-507809.03894872
-916250.18921917, 584423.14970815, 783657.36391657
 292857.85419467, 835600.28503721, 857777.02242814
 946947.38629369,-25661.45149794,-277076.46814657
-976199.45464372, 963594.42572815,-623045.34825328
 448317.58725481,-721265.6572792, 167394.19432927
 532813.43296789,-311939.01157232,-42376.24592465
 593886.38447381,-410498.06308982,-761708.24580961
-497356.87259094,-797585.27963228, 757779.90155308
-370804.5868947, 928215.56983365, 564910.62409712
-977522.42352546, 647679.19807833, 35732.31376514
 776633.45074898,-544255.66599519,-832397.09906063
 792762.12415831, 508905.36383039, 289081.75114254
-860271.21959301, 18516.06901382,-39267.17521444
 82430.58253844, 300448.5496869,-106626.3997933
-253862.51931076, 879690.32933881,-612559.00484103
 276890.88917711,-125193.77307483,-125366.81800861
 369581.32887776,-134137.68155481,-861501.81005581
 537866.04565986, 577488.93477485,-558678.56440017
 973900.61929314,-240968.77843756, 379765.18739815
-736568.65806585, 877833.57503694, 165383.80342561
-980956.28564831, 728022.75287771,-144674.96676174
-713836.11678026, 203098.29257046,-168748.52836415
 577549.80089549,-128189.34491614,-139687.46358011
 977573.32831821,-470070.55488307,-658069.49795823
-556418.45697797, 949830.90453146, 535733.20462405
 421030.32284005, 442665.59183816, 547175.57978216
 85185.72537481,-677605.72726181,-666163.7797587
-465503.60405932, 188411.92526699,-817081.01074086
 145766.88431969,-141286.94397818,-425657.73344376
 961350.80188454,-912055.72148157, 985856.82682194
 266229.66218386, 207603.44166989,-121102.66664458
 386854.43476402,-451007.87842751, 341763.79269015
-845484.04139928, 841221.19453634, 405075.28534598
-703760.37501138,-203136.36988856,-876574.09755306
-765995.71550468, 976372.68622983,-825507.8655296
 567020.78536906,-505119.11067901,-58998.98967313
 534989.83921334,-706654.06392398, 373158.87837145
-865604.65963976,-123103.14873332, 882668.15207839
-681361.22504189,-84495.86604819,-338805.73098046
 326226.11587842,-327020.22555373,-239540.04724971
-34114.6873754,-513578.64620105,-251211.09039239
-418351.3679559,-420892.26480259, 758537.56591457
-644189.87280178, 24785.50063483, 99912.18411541
 851943.09205848,-546000.29860969, 685032.05451665
-472094.16920105,-301918.32763961, 363185.91211622
-966472.93765915, 559228.72917021, 927301.00893325
 37157.35204164, 888616.68415069,-855782.77975488
 311905.39061819, 264431.09724243, 257515.82937981
 915983.83466088,-651148.12738829, 298897.44924796
-538322.53971254, 525387.91028728, 311825.14967553
 667194.50260895, 909347.5547817,-668077.1081261
 517370.70907126, 11321.92942209, 803310.70757742
 408952.4930594, 395681.80536967,-894544.38034713
-824953.1037724,-321437.68895949, 929710.49127982
-128120.30634634,-742496.41966771, 718385.46262816
 402554.9090754,-154980.93119971,-706519.12843229
-603507.81578413, 326776.13053717,-562085.07693512
-246856.07034209,-651996.11959127, 408460.02958143
 792275.30314712, 751900.94111652,-377992.35279939
 613254.52746755,-768355.77798173,-924153.53477303
 515121.11592183,-875792.73162503,-509208.93802502
-686020.00243714, 563614.23818131,-122144.72510368
-439817.868391, 307350.41210126, 957761.98421888
-511940.35356314, 674740.62267724, 529078.45622732
 916233.6523862,-435.83380855,-812536.43721274
-539123.53179213, 34450.2979074, 324053.03117503
 181806.1792336,-425802.56892208,-144383.21212824
 623445.57111796,-982879.69432808,-801325.25358425
-700465.26368334,-918198.05168417, 583775.03067169
-344850.04549705, 332270.49557998,-678695.3797933
 617802.64817767,-821486.97988198,-199710.06101531
 470741.12257301, 237715.34959624, 547753.51801042
-457530.68330002, 526555.78437186,-417905.53557729
-919504.90972854, 990400.49932892, 796401.90746806
-39234.62768943,-752927.38888302, 995479.83851243
-632867.40550014,-480870.32479831, 501059.26972118
-739953.67036606, 687502.88295168,-933858.24352226
 71737.83129943, 169314.58413497, 145781.559577
 217746.93165914, 521137.62078594, 350923.03880644
 323648.75133733,-227974.7063044, 514674.61708797
-694651.33402385,-594463.46623668,-732643.27764547
 606391.38785746,-592386.85658329,-875711.5513852
-649664.15768226, 43151.19191473,-721407.88014032
 875073.27368246,-157632.05902559, 696460.08497156
 973365.39390266,-557391.54670991, 524933.7835486
 62373.44297463,-590786.7882344, 598667.96121195
 200411.96185303,-357302.04505537, 674776.73034373
 50811.94858388, 203989.14422228,-892054.52494291
-257404.39033345,-81994.8244682, 468595.61161543
 706166.57856633,-414540.47909074, 442510.81337997
 380791.76123386, 764675.53790064,-135449.14791967
-611900.93285415, 172253.67386313, 684675.6116107
 631602.32564627,-2911.78123549, 844300.29837031
 83900.00781845, 50298.60587794,-267246.46821087
 257918.84134463, 272276.86508534, 884292.95757396
 177192.84573613, 57147.00764396,-46805.07328499
-209854.24903427,-141445.14268817,-797921.7882743
 793802.09820089,-387932.94427776, 254938.69452377
 527918.82405882,-909292.48097401, 253790.51953017
 207012.44322766,-532775.59057647, 924930.52982161
 753478.0704318, 127173.53034269,-784191.71678612
-384400.36911278, 906026.65561694, 63448.31817284
 252480.99744761, 4330.06395771,-107384.72737639
 114173.58219518, 99591.8060884, 362531.91840651
-615603.16066727, 907777.40666144,-309914.5788692
 768661.36295516,-138340.0225417, 257950.94540483
 260898.87487326,-534860.49513932, 707024.79546401
-429812.55485872, 703962.47454835,-388152.16183333
-715077.66008374,-102531.80890574, 755584.12511981
 955533.39258137,-572759.05436957,-512202.54587634
 762933.17508372,-59227.51067132,-414613.34241955
 631992.82667279, 254143.34975995, 18346.3955604
-176189.47718929, 144737.04419322, 813001.60175406
 420814.86654696,-604390.25981837, 922476.15960958
-165993.88207587,-29689.79720063,-312875.97188548
 516006.23767533,-751935.45992627,-109874.87817335
-251091.19078749, 919296.75933678, 276367.69565383
-593130.07191626,-33902.16805098, 645346.8314844
 262087.9190007,-689343.68262199,-682484.34169669
 525758.94166443,-851828.08831734,-664013.1900935
-334751.26979984, 109395.34257841, 318774.20331931
-181893.52474671, 164423.26433528, 16779.73440542
 136998.67731647, 797093.36813157,-234326.90256876
-993977.67779935, 440664.93511392,-671207.88527037
 749155.64628011,-825204.82042895,-519062.46883832
-54229.90150056,-26051.79687229,-588463.46054792
-520481.85559103, 761838.23581502,-629601.65385109
 33649.82303584,-367594.92692505, 617834.25759551
 932745.6526554,-992883.6979492, 861131.1972451
-476817.39031337, 302839.82773754,-628937.18893382
-11011.14049663, 34708.76123446, 910266.161852
-150186.40428052, 40933.92792812, 141875.32201484
 967367.9272387, 701087.38441749, 308076.87327642
 584382.56878656, 324538.95639557, 596352.91400832
-669466.68946321, 627766.31852259,-570208.34288966
 655934.51632463, 255931.12664317, 203441.37068548
 100622.05015368, 711787.24150601,-766058.34952641
-398009.00750527, 172419.10014596, 664315.1130873
-999345.96663883, 927927.25447362, 891583.03050428
 173429.61156239,-943761.39368578, 89917.51876795
 496558.54749766,-827820.8115243,-438249.80686265
-876357.25221634,-461696.79834295, 400726.71631334
 946417.79429976,-874411.82954835, 45310.34675503
-319153.1094966,-259455.51030535,-779719.44753073
-357945.58581951, 361212.68872539, 75837.89357896
-346887.75865132, 317076.16410321, 854317.26757418
-461486.40400729, 938964.2513744,-979065.12602018
 420422.17535418, 470530.48153563, 931318.03193016
 499923.69063343,-425813.34812045,-616470.88833871
-951608.24880455, 39722.12502945,-85997.26995052
 794477.09475237,-455132.69461193,-313671.36645941
-294730.1877602, 538709.22555211, 383483.47413818
 875445.25624464,-950103.42946935,-965328.60324023
 582655.56250815, 345551.43966608,-558887.35281941
 979734.42346931,-470119.3330573, 662403.70004918
-198020.32539095,-444717.19674858, 67770.55678924
-687273.53676823, 683015.85059685,-2780.05056317
 372592.45227507, 514162.19218028, 968863.97036885
 371506.95453796,-839490.41604042,-393578.75561832
-832715.2828525, 681685.01493795,-340848.92399287
-828912.32516425,-293368.57161137,-123633.11660811
 568580.41985752, 41037.54950903, 446124.6440369
 241783.45645906, 113940.3313859, 388345.44447125
-418629.5751274, 908076.08106143, 464253.48568265
 705792.2625226,-374937.26609808, 865928.27681661
-538641.01451439, 440224.95736392, 611768.37534791
 888744.41246165,-528415.37761501,-96022.20682086
-292164.97202428,-753808.99956995, 538849.12175769
-479740.52749419, 110170.95817811,-20217.94511003
 822888.79821856, 305391.59915653, 622812.62322128
 726689.21062837,-791149.52849241, 750405.81681056
 809026.13676252,-714646.92147166,-191629.35857983
-486317.09670958, 812319.05030906, 880934.74671176
-319150.00634738,-769182.46439017, 431463.18042714
 473923.58238028,-982862.01891531,-10819.08605946
 460453.02422794,-503721.3427257, 841816.73068725
-546548.43088195, 293955.47025834, 838152.38667201
 41158.92686452, 967512.18303054, 344670.34070124
 459058.21667369,-590338.93261249,-977354.83706208
-575828.06354135,-813782.02379028,-450185.10878013
-472922.01140255, 10446.67858544,-229725.94778802
-170401.61981021,-370996.16466801, 812706.58784625
-153926.42766993,-688756.71623603,-831323.89069223
-984502.77756964,-146631.50815805,-569984.96561373
-728185.28786828, 589332.6337387,-789872.46188749
-324763.96024392, 789743.89068473,-749971.16615179
 668002.18015175,-431676.83252117, 348145.88772031
 431269.97465536,-527223.98820458, 938841.96638322
 36965.57663078, 353845.67364214, 951877.16354568
 390456.69958562,-494561.7981808, 5653.42709253
 690074.50522864, 515546.290667,-526269.04599407
-629707.72005141, 968487.28462462, 14053.0843583
 310301.21925523, 301599.03050371,-602788.71600084
 942073.34258972, 327058.84797084,-663007.43234238
 562980.35807295,-726008.40834314,-164527.01533752
 627691.25155326,-395397.83204492,-318903.17262061
-459467.41844759,-625898.61100755,-417557.85787273
 42041.11942239, 106665.90110149, 924399.74480935
-926476.73793864,-369581.30882098, 415347.52376189
-454344.08322872, 799914.05409312, 171080.64412736
 277752.26384104,-601393.19197203, 367330.70938247
-39996.83781922, 80170.89642088,-500222.73657951
 744391.23244698,-843605.75895228, 413268.34826179
-166308.57465573, 734615.82988717,-294333.9742672
 844570.05408953, 94512.323358,-491100.34935814
 361858.83609844, 122640.52873886,-9506.53142376
-157001.63606459, 708025.11680114, 809855.99392092
-139030.44679028, 164991.01271574, 15969.10996353
 105640.23094705, 195367.99101885, 847034.50579037
 916778.62521541,-959172.96890584,-124001.27313917
-376966.40821442, 326105.39282342, 990526.73427687
-197450.19421102, 805072.79751992,-920824.32171298
 76784.3223743,-710649.97496804, 610016.08841906
-242227.01774513,-58753.80247169, 856148.94641527
-111488.28437496,-353561.22433278, 38864.7268048
 759728.81139907,-623807.98324828, 972287.02575778
 313670.15094612,-122752.53694335,-512449.38146962
-915187.92309449, 372197.47052066,-153378.59541885
-854377.1356332, 816405.43591977, 888531.83463736
-325573.53874211, 372405.68778922, 458901.1187244
 824900.94144224,-698292.64738878, 501511.66914423
-691455.0584635,-58466.21458996, 683006.52642063
-755019.34514877, 648114.66388353, 7393.36658798
-404461.11805393, 225204.2237313,-870575.67907438
 168703.24310852,-819040.30267243, 706513.29952486
 721959.44953373,-307978.02065102,-225413.93102972
 478781.02470117,-731453.86315739,-711109.37531787
-652274.55952512, 546235.0685423,-615055.39375186
-199454.68398055, 682021.96556241, 99374.64864959
-41576.41781429,-34526.34630633,-30970.30356349
 495870.87395259,-18181.53352039,-543657.03968316
-233927.77264805,-137481.36079948,-485948.83294848
 339967.73700729,-552738.9444385,-851703.79263375
 106155.70335085,-588968.83667017, 115281.0419849
-871884.91087156,-332620.06697341,-375180.20404076
-572734.90442413, 112808.95164549, 225720.42010126
 837936.30798975,-945641.59729101,-928226.96194161
-309164.90626084,-700498.91878158,-524459.60886154
-729081.84983397, 279413.10278573,-796996.22233853
 67396.67435935, 943379.54589689, 744922.19092475
-231917.00708026,-115911.98102973, 195491.81561399
 335058.16469026, 799621.94504444, 155336.58370196
 456816.06504508,-612941.41616382, 554282.02168451
 59952.55990325, 411296.23230438,-325914.50320204
 220919.35714941,-406466.51902842, 777039.75368671
 460285.96770518,-754694.36018445,-794683.22204303
 438913.56962777,-462464.21737546,-116821.7981623
-555133.21140693, 396718.06600052,-33497.66644307
-184340.90220931, 666746.81596255,-85624.0685467
-494081.85679406, 401027.91304195, 682247.2047694
 651188.02504646,-110330.78037128, 752327.18703681
 863257.99154798,-72434.840408,-705206.42028303
-966964.6020645, 833651.04132836, 485282.96042171
 791170.6497932,-63783.96223732,-136399.11554715
 578661.30914094,-301845.35644769,-59157.11560155
 271504.92923838,-87807.46685046, 333803.28468737
-533079.33308013, 978671.31639526,-637303.13985683
-267812.57636542,-691124.55300699, 269834.66896612
-836768.87927388, 101856.36190014,-247791.69943363
-917456.43327226,-469886.36348153, 471946.1489836
 539560.52211896,-995858.36579169, 81185.3248082
 898702.90312707,-618762.09277184, 969625.71425087
 685563.087775,-730843.57836874, 673032.2887382
 649039.68945194, 252541.76908644, 103432.11136168
-124029.1281382,-843164.05476377,-8605.08839916
 644704.03799245,-646733.28959922, 918878.10050341
 913659.40284707, 21379.98879409,-107354.52407167
 322742.11112515, 251138.05504545,-269313.59970828
-956972.67507948,-432917.91751226, 444667.69269375
 44578.67047838, 430576.14273227,-240535.66358393
-857159.91290905, 469750.88123729, 83612.72739651
 768929.78690187,-330722.09752983,-859761.42857232
 352444.51166899,-288977.4648511, 913762.61915797
 848361.41132529,-825729.59145584,-588231.6617877
-623428.12328029, 729742.0004737,-859477.90290456
-537632.39586954, 992046.55000184,-229510.08468529
 511753.23565882, 965387.41815946,-740307.06753129
 186297.55644961, 4901.62706702,-420416.46833718
 865334.66444568, 556699.49638112,-659759.29602787
-953383.44044162, 100653.11512838, 325415.55070284
 34687.4118746, 234239.66305528, 349141.61762001
 674380.38374606,-789085.36456899,-830585.74652619
-178325.60855972, 665911.25245282, 330535.74108181
 566508.07339566,-769680.68972076,-442791.57948083
-214401.08541975,-275021.31446108,-157678.26339603
 611598.48977723, 335944.1254764,-187738.41437634
 748732.9903628,-741813.0784524, 300409.56322708
-827037.45779348, 684979.19400585,-216267.00901834
 552478.60653054,-867941.82599836,-941658.3862044
 567911.3966085,-925017.60682152,-144785.1448399
-429173.00305512, 188099.88530957, 486117.80712816
-342885.1577859, 69126.6740276, 82740.74113043
-825979.19398554, 714300.21178897,-543522.455574
 418122.08747705,-921933.36312332,-266546.08848257
 558385.86683193,-184981.95317507, 297811.0675035
-726178.20561658, 709979.26033044, 505687.15666975
-911623.50032353, 906273.58118741,-356752.0234832
 644031.71529263, 597367.41940818,-145247.75238819
-610724.608892, 778007.29074246, 151301.30926186
-246270.22197665, 715176.9623883,-577690.08536374
-742787.05522615,-122113.52166616, 151018.44720653
-11447.45278615, 93606.33308797, 189753.19059278
 431004.8550323,-387112.22857037,-909924.60162286
 226652.50102757,-573882.76634992, 302313.65215164
-973050.84839712, 642093.37815593, 251237.55222731
 163903.02493437, 978272.8205754,-697538.34439741
 138741.33109308, 983227.17972516,-219537.78559394
 489274.14851843, 698246.98647762, 268828.75807199
 193423.53379445,-834901.88623942,-594526.21542635
 623473.65535091, 409438.24114456, 641039.94248814
-518760.06259776, 346888.12252458,-986509.88018585
 95801.00237205,-999938.51229915, 169390.61269009
 489674.28257699, 590562.3873459,-384367.65258031
-752591.98440054, 770193.26230846,-209282.59273091
 730981.87303167,-102419.85375416,-234710.66732849
 819319.05423969,-982808.2559047, 369254.82191939
 543786.45891329,-606103.12950469, 586711.64126598
 786640.13880962,-693753.13997892,-287385.23909491
 199044.42288414,-245425.3524209, 865750.78512335
-106833.32572694, 796461.26662773,-918673.98174417
 532332.847571, 919765.40554477,-670016.33220584
-773063.87953868,-297675.71066535,-979266.41384686
 317660.68543255,-935664.37603938,-378438.36627291
-760864.42085021, 184756.92524635, 955574.6121345
-653038.56485982, 838137.47122102, 251086.47177833
 735790.71385294,-941298.33214378, 714686.15151832
 361388.23214599,-237502.63367706, 103254.2406402
 798341.0388312, 82122.3412984, 929066.94551848
 117935.86003717,-154013.22628787, 867384.05345123
-283643.95428866, 176881.78055798,-746885.51737704
 602723.52391616,-408585.36802296, 930700.08539837
 576969.87774092,-319288.43114116, 156498.0176387
-912187.39282924, 717092.41280189,-963805.83989895
 13492.22711827, 753742.18914955,-495972.64883592
-76749.89382867, 202830.4054013, 490598.88441732
 474784.4089696,-415217.68747182,-429437.20782506
 810932.89385497, 122150.4265465,-260298.69626524
-467278.11848896, 881028.31240925, 775984.82180343
-641348.27227334,-869659.31805663, 383953.11502031
 243006.42451062, 942133.37096934,-77375.47150865
 758419.84001424,-684490.94046839,-18339.69041595
-456897.25025632, 520368.45163199,-8489.75352948
-822225.74161449,-607228.95810267, 949908.87973543
-63408.56952063,-73786.99124668,-809177.19512089
-581846.17898546,-470296.51294371,-540360.14358993
 265338.9259317,-3001.68395261, 205411.41978276
 750948.69237947,-871364.44143261, 644989.7928698
-788295.76017649, 395025.90888355,-327622.39222524
 318182.6707756,-879129.91539288, 935926.0914661
-735517.32079267, 107015.01174358,-664656.99712609
-457906.39839724, 50915.03285625,-750674.01727016
-416797.03132904, 732135.43334531, 979026.11444841
-67097.71414053, 591474.43685138, 264902.06727138
-131647.45228661,-28278.70842406,-824444.11663652
-624130.66141696, 55221.92597121,-448539.27348035
 212203.43320926,-201730.16915558, 444654.98931459
-891282.8976769,-285316.914697,-591773.53120921
 737346.84085567,-856804.49671335, 226993.1454387
 951909.94209448,-143343.510479,-313357.56990113
 194957.98095166,-27215.94314873, 309017.61563151
 996761.79364337,-644042.0787385,-351852.11902073
 44246.8791759, 335389.93327067, 651397.03503628
 870025.39453346, 314773.31957385,-532159.90645802
 178907.25332485,-912487.53387766,-549.20969173
-838941.89545787, 550363.03881916,-122095.35686953
-612874.13105715, 367706.98775432,-625261.00657456
 664402.83479041, 495328.303769,-921427.41977047
 551806.44188694,-200618.28124997,-167020.53837058
 240187.23824531,-702204.62615661,-549466.1228726
-810421.55057482,-564535.08017893, 570961.54728855
 57716.20146518, 400296.15574376,-935446.53358112
-435957.36267716, 826401.51646044,-719505.6024904
-548442.36743907,-357947.27396338,-590576.48196591
 462262.85227204, 406174.20660971,-626888.55449739
 242568.47940321,-156514.48950368,-637219.93611292
-742953.13998531, 897087.24407834, 116136.61571052
 549180.24995623,-983284.25810851, 672471.59948208
 842595.73603258,-675822.33404374, 614223.6911707
 840232.76289739,-102142.21056528,-489899.77430342
 538895.10473187, 741678.55754754, 323984.2276389
 460993.47433511, 306318.82433266, 359958.12589127
-242474.59885331, 899335.98535427, 897243.40953095
-211650.65945258, 713640.46178624, 63488.83396973
-785658.22366142, 917586.49375864, 891086.68470936
 344014.37900609,-203688.55362419, 84687.89379922
 481796.72826393, 550661.42531006, 161135.17494922
-221586.62859419, 831545.25833824, 80041.32973724
-640820.93991409, 765328.23436237,-458065.14590491
-166104.88924563, 884707.52031631,-271857.2228694
 2406.68747441, 374170.91714827, 754288.20723609
 111010.10041442,-310536.24714252, 809270.92759643
 143785.33981761,-917931.45527212,-316256.25993242
-503131.84843589, 365873.38598062, 198661.3358314
-60047.2566889,-984942.56945134, 903487.99882626
-652609.69563637, 189056.063196,-242483.51429658
-893313.37619247, 986577.02997793, 963997.31433617
 248740.35652363,-431007.20012819, 128783.01434978
-296655.27005455, 552967.5509908,-909557.55063502
 468446.49623026, 256253.36217598, 905076.42377914
-867505.54360938, 11129.43595687,-528270.17858239
 566270.72305264, 648582.74427936, 792173.64836166
 353083.10497309,-832693.50732885,-891283.62171208
-632925.50341636, 496816.13647813,-787741.28007092
 860038.63767383,-660074.04714966, 703393.4572157
-652809.28524557, 553906.52507328, 254287.08962075
 83260.84604887,-407630.06942084,-296133.98113256
-355374.76603831, 856876.19616946,-33968.65262012
 22216.11535634,-8556.84920248, 847663.34111176
-99392.5485315, 884639.35560756, 402984.11006672
 665858.99528484,-999768.50042281,-983320.02708193
-616395.34168808,-293825.91079994,-675199.08616559
-356882.0069275, 405462.34161021, 969210.03781722
-986863.11551036, 50067.2149795, 178121.02410374
 915230.34795151,-120152.13979203, 1156.8590529
 455611.06766155,-816791.15188783, 146151.11878182
 463974.52423939,-966211.5263655,-887189.46485475
 861138.19449678,-952845.57775117,-599057.60191849
-349663.02621174, 407477.58276508,-928992.6195834
 832999.93371995, 359153.19286637, 306298.51527295
 935868.2361606,-821729.18144177,-472393.85363774
 278514.47078945, 388151.36965935, 974179.21274748
 531002.87169092,-102945.54292023, 819640.22692756
-134875.32107587, 443908.16108859,-217570.97996287
 555886.41581306, 177235.11823124,-935729.27750215
 410646.11622966,-552841.36005299,-226308.75730602
-672365.77036875, 287896.42828296,-743303.68151642
 106056.51082509, 731739.97169948,-875751.76840247
 923966.03694416, 305603.27388839,-113562.6575646
-519964.17362092, 592054.40055167,-749120.12031036
 149663.37644425,-462397.67437153,-599670.3526613
-318749.75153902,-159064.51488452,-479987.16689091
 52114.99484242, 203831.31050561, 216760.85658375
 370185.79664398, 152980.56715589,-934995.47198778
 352394.36695729,-592313.20169861,-804340.52683731
 830663.68314294,-922023.67800492,-939682.00203813
 239603.36398218,-239007.39208232,-21697.10882245
-779273.04092109, 137946.74623028, 162617.72981601
-104370.30963362,-55242.58563676,-847810.85590754
-749569.21772266, 692141.86181983, 819680.57025814
-742406.85360145,-113185.27567084,-123583.1107817
-688139.29252948, 629701.91866441, 766575.82197088
-839889.89997432, 437339.17335945, 605717.0730425
-620845.85621075, 471037.20298738,-29123.80076618
 343947.36842344,-750530.6418095,-315994.07820035
 970689.23056459,-854113.99298805,-516402.85384048
 397986.96211464, 203459.18284953,-54070.90105304
 572614.36074548,-971583.2458149, 814381.61343975
 477855.33344135,-38530.47117846, 615976.15616167
 714968.62513711,-653013.7339206, 928376.19712494
 15310.06522041,-668973.25447033, 230229.24537295
 453961.73738704, 385984.04468391, 926794.5170069
 266747.0619565,-700477.42228832,-406210.75118222
 848904.64550809,-707577.47220782,-692340.39944058
 115073.45757166, 801954.84121034,-364471.5102645
 938575.7737327, 26445.73350668,-143323.97963716
-316031.50943387,-511728.88152099, 350928.85028415
-211202.875713, 271531.06539401, 150349.0645994
 562892.46172246,-730325.50512731,-688162.3296732
-314764.33646226,-635362.48409992, 215089.79771134
-190755.75246086,-349804.03131756,-97603.89723914
-419187.76662741, 47385.21383269, 393260.82599308
-906561.55422656, 596202.83893354,-800483.99797332
 185322.3186833,-564614.95259698, 880235.76540268
-851395.00904877, 562602.36394537,-36624.33604353
 887645.39614081,-39968.8906327,-631203.84865802
 893539.5319388,-853340.10046769,-702869.51804854
-718665.96695017, 833022.78028534,-742255.07341619
 641910.77025727,-492597.70371855, 732264.94739473
-187148.38968362, 995362.62814058,-530184.7300974
 732988.03292066,-931473.37524038, 793703.15747792
 636691.60930429, 80403.11180928,-5204.12192032
-619650.8722435, 513192.64340981,-299902.48976324
-625124.30692817, 746486.27482612,-70493.56196977
 413399.84599056,-545962.99544675, 114225.4858344
 818370.20324187,-476814.00022199,-168037.16135284
-352983.53057262, 387086.85104874,-350667.72590092
 406396.06397545,-86595.26620126,-89015.27603773
 817430.78779566,-631274.55764781,-754552.74104311
-765276.94299221, 394448.49009196,-570855.8248769
-134845.09349535,-736322.09646213,-583025.24050268
-454990.5254068, 964016.28481492,-132882.60022205
-43365.07691774, 853059.48089687, 972064.07944391
 6327.13340086,-443600.71095256,-715117.47523509
 677294.96675613, 184074.42055586, 528797.58834371
 196462.58107547, 589084.48456761,-227395.17396386
-880794.29010883, 496910.56466174, 277752.59688014
 696018.37602322,-556470.71045573, 218225.7665207
 860758.20233264,-419481.06827054, 250590.03827429
 150546.35364381,-45060.28208485, 402500.72027949
 612863.95813647, 440569.42991084,-278051.20730159
 823220.27786505,-854871.46738511,-782878.08941567
-277038.91482925,-551007.89453333,-237077.28227764
 859336.94109077, 218237.0339202,-260356.50968781
 394097.5925937,-492156.59935679, 297962.2217004
 397074.00727995,-660556.92419869,-55055.7136651
 23467.94410632, 721556.29277236, 677731.62633637
-149694.00014799,-544541.91880389,-870594.65932523
 352544.8303737,-634921.29397396, 88694.95449641
 788292.4783957,-86615.74215349, 788265.9037629
 464680.76160779, 86529.85176632,-889068.93629964
-321264.12420439, 153140.14247758,-22421.75676293
-781436.96387878,-749345.42631776, 809760.87334262
 733757.40410034,-834945.68751687,-545723.81981006
 37589.98449192,-257976.88029692, 488699.63501052
 403612.26991341,-149409.73226646,-800263.0256162
-467395.12759106,-461556.38975619, 274869.74870291
-190754.44476583, 357805.47522029, 241295.53416316
-628910.175429,-318093.89541176,-406855.56386106
-239254.43042957,-409297.57295766, 873171.66679504
 565522.86263373, 186791.5773478,-812375.03426407
-294329.5060181, 791957.99296821,-432667.68971591
 497994.87189822, 8175.349673, 818526.84064309
 108662.64150865, 232705.17512426,-321991.5902105
-278943.39442632,-590399.9182095, 511773.32217883
-187894.22014745,-687128.27918646, 178611.29150985
 254328.94382545,-681695.34896663,-93802.99332755
-562157.82887324,-186017.14206935,-365726.48898042
 692348.92380967,-878637.97605673,-753839.80853783
-908444.16271837, 14937.12305399,-639592.91900748
 274170.27621763,-431815.57015398, 52442.69772105
 17838.78424581, 323133.00631444, 202518.46199545
 334470.14530828,-854297.90870275,-870671.23613733
 660278.53774883,-759000.55049164,-56729.40290144
 57470.35724619, 583315.70435934, 716812.26172519
 501974.03483126,-715286.75851666, 65675.68140798
-889707.44854297,-354378.46031754,-853279.22078637
 310945.33256441, 981544.77798555,-598182.68751582
 782489.94873984,-156988.7916793,-920263.44190502
-450096.61047878, 799276.06821411,-661118.3291476
-770162.20752344, 248162.21839591,-271556.19622056
 35077.06704168,-811407.21529007, 112823.41412794
-818393.40814166, 578323.11753868,-368393.18282311
-835775.05470511,-285193.60829795,-838959.04138135
 468653.1315207,-585282.28444211, 805810.16131095
 67029.23463612, 177071.79900258,-146521.67055392
 332980.91990794, 591923.5439323,-202627.27996151
 993.74667143,-668640.47563072, 502842.07331206
 640143.66653679, 500494.91414361,-562979.97024979
 362528.42252219,-154513.21189514, 754759.35671539
-383869.17321785,-873085.04296324,-993050.50801432
 92431.16738727, 421414.09980436, 864192.12762546
 518628.78178816,-894025.83837298,-447049.72475477
 703666.85198229,-893453.41211812,-801183.620884
 587095.66474704,-571464.63939036,-745576.91203
 459514.43158814, 690693.97378107, 876527.77214348
 27888.36328908,-278213.22772318, 3353.51019823
 826551.1854235,-509550.03864207,-903378.04615611
-370700.80221648,-581560.08291003,-845492.60870164
-89138.8608292, 434913.72985164,-492117.64011681
 992223.16783682, 56209.09432357, 163158.12960573
 99578.64926697,-700159.91786288,-20634.20119678
-8892.66435322, 539054.40539316, 722856.16053511
 537489.55072306,-112967.60577174, 292750.68203793
-900296.48086441,-79314.42827842,-3416.03884947
 294273.05271824, 784243.24849302, 800779.78178932
 189425.21997146, 58927.01610606,-7756.20282094
 319425.31841202,-152854.64433986, 642578.28932177
-831344.61930245, 457740.13871933, 368473.88148591
 545463.09897229,-383272.55531105, 41070.96216824
-840694.88215555,-87652.35094623,-870725.3585181
 682861.57977112,-406086.91694571,-788719.26256331
 350427.5793678,-323133.55379314, 262929.33801998
-308129.6135855, 435845.28223645, 279793.84005855
-295673.94687548, 60078.46337316, 565213.0044925
 149739.73213094, 143763.36320563,-223852.76585643
 367670.48494313,-919442.47701921,-484871.87644448
 581135.82925674, 41849.25409943, 169141.36849421
-29768.82557303,-472343.9622746,-407168.60198691
 183494.43366504, 600412.78206525,-190434.27381322
 533483.55295274,-933085.92501333,-749856.92719988
-257222.40904103,-662825.47666952, 557339.60452634
 627019.27588892,-992509.30141529,-568970.31593603
 975243.31510924,-337442.03516024,-372410.21513664
 625065.28733476,-54003.10589974, 871135.60887511
-772167.61535782, 741041.20694821, 144893.53608453
-317797.12494382, 727336.18874706,-939547.03511366
-456856.73079541,-617336.977869, 361680.08412793
 176533.65493584, 84892.43292245,-834262.55382727
 82516.31500163,-341905.82856487, 665046.05578221
-498.37190739,-713345.44378331,-283997.39732392
 223946.01094416, 654966.49731576, 350246.02804621
-557929.06891636, 580772.35810277, 563211.92608505
-284784.78401159, 383533.17497854, 485199.78035631
-850772.70552637,-642289.22343777,-331185.12671308
-72074.02897903, 606368.97421929, 628740.22174561
 254108.68855586, 499309.09448,-395552.59106867
-588507.38820438, 515245.63941677, 540072.70654824
 876189.51185685,-877441.00483697, 394175.74332032
 265285.30023827,-976669.96853678,-619810.17786986
 696002.36584361, 910049.30291884, 523006.85066589
-741823.58588232, 703960.01946285, 401503.34622993
-642691.78562722, 997107.4857186,-186710.43111433
-636372.47642191, 422796.56716047,-714549.33181947
-595181.82198908,-62818.84498429, 284987.88132478
 895083.22646316,-16922.52731695, 990254.81315482
-730203.89696783, 520071.40734803, 340561.8697585
-695674.35209134, 189924.51655146,-743646.68981277
 317322.76875248,-545788.19682986,-793903.91220375
-426313.02589236, 345251.89287965,-648442.35982085
 707348.5268001,-234499.76133929,-864650.55951757
-414429.90579162, 373966.96357076, 807591.31484435
 434232.83774772,-929873.7730952,-516497.46666004
-21586.2358002,-949583.98975422, 772572.71565328
-142396.33107035, 499426.75497016, 991520.95841525
 796226.89893816,-791561.54062034, 362834.3043899
-819221.35633404,-84698.63293091, 540316.16235162
 675870.41656209,-486047.35915538, 819521.75223513
 8926.93467198, 56065.24808526, 393945.23408869
-869972.28684257, 788355.85647731,-521255.48504712
 820944.79147789, 65890.08166725,-885858.50873411
 295645.45718087, 246276.75940118, 907167.84608374
-625520.94526146, 832302.48848408, 193474.15214823
-728525.32709868, 968091.54965849,-482613.01274693
-949275.64749982, 98906.06869756,-375678.52969758
-883485.86421651, 846810.11835804,-881195.77471458
 903517.32973413,-347228.72984761,-126178.78103477
-8219.78234717, 169702.75726879, 197095.86787839
 518266.58111214,-115374.66814116,-290695.86507128
-744745.01002868,-266809.38973772, 341769.59274667
-851300.03750221, 447506.70557902,-905082.47800945
-713955.69504106, 185733.72937243, 773673.679009
-550132.65858069, 645869.20096927, 363138.30480538
 932341.44219071,-226039.3080986, 345226.40116447
-659519.44467676, 90615.07731642,-79422.49290714
-378033.07209686, 38088.53035969, 769779.3992063
-567176.26414306,-588710.29165545, 749438.38838201
-190567.83657499,-812618.0469231,-275401.69481306
 941121.912348,-705286.98810209, 939136.55557173
-446914.60885858, 812266.63220536, 657069.67875933
 681775.24879056,-943308.00120808,-188475.800721
 932916.41695899,-469843.88405169,-369048.69310544
-937389.8488662, 847332.49780341,-434334.37230579
-609905.27355668,-811733.4804015, 225325.78246851
-616161.98589544, 650187.13898825,-599774.86572006
 232669.86484564, 317677.63004015,-109571.225869
 587879.53002554,-582184.17869558,-271770.71599059
 761226.97938067, 672186.82514721, 60291.4850578
 243393.2044589, 112999.51468236, 698031.86510387
-740563.25983845, 538212.34313791,-455244.359505
 457592.38536958,-658969.46226576, 428928.48186382
-585099.49966781,-454397.79516982, 569732.29630752
 460997.57327655,-556053.18203512,-938709.04916713
 240888.26311418, 230536.84206992,-318191.04034569
-462850.14326033, 429374.02715983,-679791.73909636
 806669.88348448,-12800.83149279,-717993.59764533
-794221.35569216,-390788.30292184,-53473.13397371
-644075.10394078, 660768.40179295,-897510.20327434
-100927.21972459, 958146.23150514, 560236.29599219
 435404.38172376,-880333.59788882,-508745.20991829
 130705.08245624, 580762.44618674, 159925.76521984
-85136.24821611,-49319.04179422, 524157.31778953
-469544.90329347, 967010.37337933, 911473.31557736
 923649.58558771,-425494.70824943,-952070.30593294
 360543.91710597, 105635.13037414,-828525.31977018
-869105.53044654, 356275.11311268,-298627.72609843
-767624.41299346, 28133.05816658, 26700.26941755
-355074.99856408, 596582.65003681, 710036.51288988
-926576.83538935, 954571.70613725,-897699.36539263
-829002.89627713, 605743.90095225, 512094.2928849
 31270.4696372,-179077.00246011,-648040.25672032
-504466.19174385, 485313.87379712,-205599.53520465
-738353.95545075,-641623.39539467, 632484.59662846
-190784.40431935, 185485.42808774,-999962.07416747
 585839.37244812, 124456.89331679, 807172.68962447
-581638.71031025,-803293.17700787, 948549.68070465
-566074.37163062, 156863.39427545,-804167.79638898
 656967.8795882,-949241.30080604, 448077.28555227
 252562.92761965, 44094.06014979, 438423.13451326
 714809.15938476, 528373.83401831, 366882.15877606
 780116.9118975, 526641.41752201,-717492.17053092
 842373.28621667,-89036.57593652, 79777.5599802
 605723.34852419, 389249.3575023,-193000.29670253
-313120.07376162, 919566.64873902, 308928.64135759
 807569.69571028, 740054.76011619, 179156.58809139
 341408.11823312,-621513.30339189,-157995.85888802
-935202.48953739, 891824.36294372,-892793.83620697
 887809.65243704,-442372.02572046,-708022.54769721
-314029.79160601,-898940.20074963, 607002.23399905
-27843.87189175,-950389.00741582,-310572.28713848
-101572.79728791, 464909.68952944, 490942.83774574
 668246.96599906,-234334.62078106,-712552.10105305
 718900.62959063,-599968.57391595, 54295.15689769
-62456.62553536, 223867.59728316, 769048.91230051
 153434.52412797,-107290.5286606, 420018.352796
 200907.34362493,-208469.90434346, 39459.7166019
-670249.09199503, 512060.37450579,-434182.35495773
-258552.92565733, 985339.10496577, 76483.06814762
-497487.61658218, 286918.68197798, 399110.54371848
 7713.85783538,-946545.38123592, 164004.33990153
-865088.64330224,-286446.12609149,-966788.6737888
 341858.91319488,-627829.0572517, 445471.61172222
-499473.69057247, 725071.88672811,-601247.17790579
 932317.13821242,-845755.0474247, 330205.60090157
 456223.9963824,-724261.74433847, 427032.14166303
 430571.44712511,-895675.7300427,-375648.77676336
-371237.54021985, 627792.9329903, 276678.2847734
 102619.42611789, 570248.70933287, 931994.27213657
-887366.98769261,-489727.68659275,-79028.86852477
 589480.57682061, 224469.03408391,-139393.58882105
-655094.15199337,-170318.35192057, 948036.73592256
 382736.37382161,-999582.11467073,-204787.66417901
 77588.54622824,-170759.95149692,-368147.67189456
-47034.48881575,-45536.73286043, 773460.3214969
-840386.18047917, 256286.39949751, 722964.68642189
 694432.50914487,-462756.46502586,-280132.40588808
-81853.54817561,-469934.5287223,-82257.92263328
-192175.24897859, 279158.40465562, 459684.23429697
 936548.12082797,-299980.20466225,-530681.49760372
-279832.72819471, 262312.66505065,-384339.60557838
-44414.20639738,-911653.91539791, 794902.28838055
-609748.10214721,-476431.6943582, 904933.90958759
 588145.97788483,-275263.03748526,-941808.82951952
 899118.52478728,-31610.24633784,-569424.91529621
 703316.10103416,-78885.42031643, 121331.92636615
 840743.16454167, 184202.19343808, 377762.15418616
-762291.22242406,-197434.20381602,-814457.03896855
-359684.61785514, 865900.74396757,-401857.09816363
-265887.09268757,-222050.57878477, 11507.45252158
-278311.81713981,-325288.43438664,-487355.12152583
 871480.88347021,-908535.26797762,-520031.56790126
-442679.48926121,-515653.1117047,-888168.3283983
 411238.99053471, 545668.59966223, 448592.21099984
 811258.47385224,-527408.17178474, 427977.07128433
-7136.96954086, 807621.83628385, 96218.9185673
-508938.28033058,-635244.29424316, 386029.00671416
-300291.63001304,-30920.20335776,-345177.54999924
 166617.80896463,-30239.17510264,-361909.74909982
-375957.19887996, 115447.6775703,-565988.50154833
-614381.12185221, 766544.68022337,-883451.85666059
 529755.58934679,-845305.54543421, 485710.51490494
-246955.87688474, 233446.39948394,-990966.55071764
-373014.66643784, 460535.0640365, 513101.02678861
 669263.58224248,-912637.51465727, 930433.94103336
-39763.67324834,-976584.46762693,-697233.27354734
 103132.37261003,-503948.48617787,-792636.53379574
 66809.82202834,-328260.02196617,-899070.52598943
-905471.09502821, 404135.60233047, 949567.11864706
 723052.4423019,-194049.27061438, 950222.60139113
 335731.52390464, 124705.23437433,-154945.2881315
 944563.62211466,-804768.64146483,-307363.04725107
 396487.50694632, 266914.11648973,-677573.236603
-189173.32553546, 476084.95412092,-115075.86943157
-982291.45539662,-267551.47572242,-569668.56700377
-679353.70197848, 726429.75553405, 52755.76745637
 992107.63728554, 468460.77983993,-886321.71214148
-177279.97037602, 177167.79397776,-488165.03037819
-757936.90080696,-940473.42079339,-92890.30821282
 967895.3459673,-412272.48156535, 916270.82493982
-595792.20730636,-429757.70832974,-858019.59416963
-416178.05001431, 599004.86277993, 994107.16691637
-65214.83514223, 937502.43879975, 282453.26676676
 449210.91315134, 486147.63045835,-105418.16407605
-699606.75470143, 975719.04433454, 385148.92638733
 823360.72810741,-972853.65402388,-809004.44270079
-532528.40271103,-74368.66136988,-967077.01471397
 289280.60097187, 876080.76092052,-395189.85623989
 671993.4965347,-431695.12085454, 600689.39922745
 961106.29345698, 4734.61317705, 339667.03869939
-958841.81639633, 106849.42884714,-292035.76666017
 678692.46415302,-938385.29348798,-754218.57843008
 740258.06898243, 610978.10783494,-699295.81706616
 590227.95166469,-66812.90568527, 195560.57405615
 831424.60673718,-339037.60483932, 163087.04985831
 62045.52837261,-990137.13806051, 107293.47063753
 694786.3854932, 298911.99715198, 407760.36753123
 116072.15822854, 348558.25384937, 507354.13184335
-716311.93968052,-81369.84168644, 623960.11019942
-443258.27669975, 828637.54728088, 775287.37979741
-626803.1794451, 760846.46577045, 653621.20698544
 666409.33947877, 805194.98673876,-630169.96144984
-388106.239186, 609376.87587758, 765966.19770722
 799736.39766176,-780690.13045295, 9559.27468951
-278556.97873315,-448543.5394343,-316891.97226506
 545598.33078994,-281517.46248833,-891210.3618545
-664860.04700135,-280256.42501112, 54051.10249899
 104118.38668405, 479814.59943718, 210720.15799407
-252567.56875714, 201967.76867976, 946356.6064919
 492199.22105739,-196036.88751374, 608165.74378948
 880576.42227917,-305032.120566, 778954.18880112
 153805.36140126, 811299.97434884,-38854.19979817
 249739.27404745, 231135.4105151,-690776.49658785
-297587.60940718, 690097.85752472,-817708.16159758
 26576.69084683,-319405.70832686,-809115.78850077
 450792.84252953,-385750.95968207, 531355.59101013
 833439.95695412, 287225.89822291,-526330.78034268
-270477.86724857,-528315.31845362, 385985.40836571
-616244.21066679, 642795.50056977, 452033.18859522
 327485.80010907,-979476.45143156, 178480.0980529
-28428.23323408,-311948.58274052,-751190.36197764
-802601.38123047, 178240.68350786,-979406.4731311
-344985.01403677, 577117.937854,-285957.92586376
-161487.27522947,-621353.29580043, 844769.74665976
 992183.41538846,-774780.1076174, 24292.63500882
 84000.24554544, 240060.23483394, 809400.40564017
 252951.85857692,-286180.40092858, 360079.22833112
 147528.44846557,-929135.13559184, 51934.88253436
 457224.76498773, 733999.1684018,-985734.98396885
 40132.95534112,-869433.7318849, 254632.71076309
-467959.54024487,-751040.32418946, 186917.12483402
 155347.10493298, 739620.4549378,-187819.25800614
 27842.28296755,-69061.90847846, 829396.24604734
-41152.60111739, 929708.75901673,-366993.9703457
-722643.09855924, 670357.37139672,-808359.00121629
 105670.03124982,-696916.87916025,-744806.2152775
-305317.77482984, 323114.47273631, 316163.36377175
-812366.28613763,-87378.51869808, 654152.54094274
 198465.94253554,-593313.40099847, 149815.64784354
-924753.21518254, 982236.66604078, 740475.98829311
-348405.89055543, 425117.39971571,-627359.25753632
 485375.8084875,-879009.60960352, 858386.69411636
 872648.30628943, 400967.31170648,-565854.46048382
 950322.41061745,-73502.37385188,-814278.10990361
-345472.19990174,-612599.30442921,-620875.40746159
-748931.53853805, 702978.55535619,-862460.64235716
 661788.64415308,-267439.82217594,-644003.82730031
-67874.16036747, 981027.35521859, 24125.76006307
 540884.42284509,-937482.27161249,-537669.77634504
-333982.92568833,-468173.85210047, 721351.75145713
 471755.03408655,-483402.3274251, 351060.49207643
 965055.7532984,-279726.8620579, 603091.76543261
-362958.94111844, 514558.85281629, 552392.78036654
-962798.55087677, 812118.0568059,-911897.86690243
 42702.49118863,-226909.53941624,-395506.64753508
 541801.69126702,-840220.83426245, 859111.35458369
-28210.9521177,-250707.10044618,-873712.66589353
 306390.77774191,-62066.91384352,-76217.89171704
 575670.97372071,-391227.07518178,-803125.76464303
-37368.15407598, 44073.98640022, 889803.24631219
 537027.04167356, 232039.01899138,-739858.32973641
-454401.75438967, 417231.56979517,-838484.03781051
 306524.68543385,-956384.55435636, 622296.09742983
 232634.09943742,-361683.83954795,-240988.24180619
-776277.61912204, 261427.32938137,-611535.88277544
-36247.43930162, 670157.20475562,-996248.09916232
-865401.82562463,-167761.16997488, 492442.39786508
 134260.71635251, 797759.37462947,-377325.47356897
-599326.75101005, 42455.45876752, 752341.93849249
 620499.73273543,-259156.9133878,-122874.47337833
 841538.24581224,-720319.08908489, 733107.19127362
 242539.99984336, 119150.67112057, 744110.31460547
-509629.006981, 941644.35567539, 360584.91847579
 817099.71490465,-759764.77311773, 260729.97780655
-657022.76036574, 174241.20688417, 201946.43829518
-47673.71795713,-73500.3995828, 187576.94087598
-164569.09191135,-641860.9836696, 479680.25695705
 77058.80138001,-88897.37326488, 379173.37338512
 108911.09507928, 671733.05064785, 24921.20913646
-551117.88257554, 704591.11255624, 29042.31578923
-272968.96663764, 904819.94715836,-710490.46125366
 920457.92666128,-785377.8331029, 263341.77152712
 342874.8006623, 578457.15210835,-718103.1728054
 315993.50043261,-489566.73870803, 941878.70081139
-650603.34367299, 904756.05181948,-258461.94025461
 966860.7196665, 244466.88371013, 920608.78788539
-746453.82780548,-179598.27303319,-117610.29445879
 716797.15685306,-103620.54270848,-115806.57407213
-632738.5301162, 478356.9033798, 363431.95092641
 131455.17102428,-985755.56885009, 275215.63545726
-667921.49568681, 446826.76325643,-642826.94419604
-357174.0460355,-153122.56484168,-162337.93670638
-728477.9121096, 396256.71022915,-527893.33346657
 706216.9327621, 523172.75588715, 953832.46122628
-67256.21551386,-24895.89762181, 491658.73122137
-113312.93052419, 695140.33369906, 724251.22066626
 486998.65246206,-404754.6621429,-753515.15754741
-542044.77297137,-785713.98837521, 620061.45425882
 666829.97138708, 667930.76628811, 84111.19481519
 805088.52352725,-241863.25622617, 648600.49757581
 634283.27574523, 501016.60141313,-340239.68184379
 310943.58683111,-376144.78831241,-775130.77035951
-977705.46628557, 955228.96920924,-719790.08409066
 456954.47387363,-787965.36203482,-288903.61771068
-562889.38020371, 500261.81872323, 80973.89461364
-166668.54967785,-135505.37800039,-88046.32653095
-870061.77727497, 885087.6566921,-250720.22315824
-539639.69388471, 887691.64720363, 848530.32932707
-633431.71808886, 878201.95508047,-569509.37562795
-176632.31338998, 568456.99625545,-36594.94478543
 825365.50390221,-785834.22555961,-909512.45191397
-982150.07212991,-528948.53620411,-214479.35809303
-83685.69371633,-890178.77644768, 598519.13897531
 574182.39808048, 245278.44763663,-690567.37237947
 233989.86969618,-413985.58765188, 396696.45324474
 667399.3433599,-781117.86239854, 34784.23909555
 752540.57172725,-909138.46075573, 918342.34443388
-229652.48351865, 913974.44769408, 742838.66766608
-159169.20393569, 823030.44028096,-976115.07204549
-502587.37860563, 961064.14740993, 84534.71022188
 532134.02778039, 570636.45042137,-594438.8375855
-596447.17536304, 820434.31296797, 591613.69646637
-405012.81014005,-285415.20127119,-392421.01437992
-716686.61606873, 872306.6886111, 203522.6666831
-302235.45784037,-38031.09287995,-541917.0147011
 835950.40236149,-809579.31228888, 991117.77860452
-945712.52215182, 387095.83636953,-423917.27894078
-704522.98473286,-112946.59054673,-202903.51263585
-243147.53624267,-617511.09296232,-168126.9592734
-682509.90523704, 86770.47007656,-211715.81701713
 726106.21820761, 384336.35045188, 929964.39633903
-599834.03360769, 923894.9194509,-888795.83349737
-260279.55841538, 935764.17306389, 314237.80698954
 915974.75006591, 745609.85481468,-739536.88779875
 667051.06208692,-554453.67128636,-589440.35969009
-124732.59976658, 7948.31404895,-739490.84752337
 68582.35772098, 615090.70208444,-899650.97024441
 837656.58388588,-882546.6750231, 521604.60069415
-291851.83874952, 870011.52026696,-401365.92406445
-238203.67292373,-809540.82010714,-537136.13214083
-189705.3146697, 232265.6355084, 649005.41539009
 767292.62442366, 406304.98577071,-793802.21133808
 520732.76369726,-571749.69616975, 232594.04792741
-753154.82862456, 448120.06126974, 480433.58600703
 991935.28284702, 321600.90518989, 867091.90890856
 153316.62314422,-816148.69537316,-997455.23439972
 497472.66457109, 264109.83434477,-685444.58535653
-300474.95655959, 255334.75731025,-780371.15806114
 541162.3543328,-972559.21499567, 580491.55702876
-901370.8915896,-313897.18514259, 197461.67927893
 666960.52173245, 421026.90162119, 86084.09655307
-947913.53851971, 205568.62449189, 269296.00924468
-319940.77902986, 310377.38312328, 815930.31536083
-671285.51828104, 808491.94486646, 297248.90212888
 65733.52451897, 357186.3897818,-514234.73465716
 518897.12952912, 658027.43425253,-561919.9098999
 569841.353797, 21456.0235508,-78679.82039919
-300735.82185606,-43083.44718516,-765288.05624853
 676504.87914498, 901177.87151958,-635445.25252333
-806777.90169569, 802601.09885546,-142832.01702015
 62869.14191131,-674297.37058645, 403672.4977668
 403850.14589639,-586004.6502736,-412991.59737339
 83963.21447617, 242641.74073283,-167999.83102816
 263106.46777803,-326401.74173426, 595823.16814577
 371465.71669127, 367101.42808445, 421907.85230525
 505606.59330388, 55860.99843456,-141327.6195871
 800966.75899458, 89156.00038768,-832313.26073302
-227436.83350287, 30563.07025546,-207396.35564568
-243101.46638173,-522397.86346497, 548990.85310186
-825392.2379819, 522764.51678342,-637176.32905522
-150492.66026365,-233708.0580596, 717123.87039304
-518194.09491783, 367565.71804742,-811074.38762567
 547743.29710737, 481087.33833397,-923704.69813178
 99720.80921476, 808544.33769431,-110433.28184468
 827470.94004744,-513617.41720911,-952708.19236435
-159305.70909662, 33213.13843956, 404119.96484129
-923756.53532716,-569657.03229317,-372607.59859919
 469516.91693262,-349861.35948609,-627781.9689572
 396706.91787064,-791650.99422794, 382587.34325751
-302876.42542708, 200815.13023992, 394907.95444608
-184970.23673997, 173312.04758483,-750100.57963541
 560044.24767311, 603921.75619145,-151568.65962266
 826341.99544475,-195770.40752159,-233094.25061538
-948366.39170865, 653300.20284672, 591670.70859337
-848269.3411442, 967606.34660104, 703427.74866233
-538337.17140674, 922463.11798052,-17257.7090741
 833443.40056563,-976234.03284259,-165143.3579105
 915588.61402684, 706097.9672802, 656146.60872449
-874658.64819943, 250759.82709182,-789349.82645067
 812734.03571968,-550538.26441523, 220887.73409165
-547600.38840287,-407402.91333601, 68868.55472245
-965735.8812602,-37540.29120429, 755936.83036678
-669335.30409743,-14883.22185337,-198005.93535712
 564532.73286247,-550853.1671875,-221814.7405478
-249165.36049733, 870333.16026298,-535815.67342956
-970773.79782828, 901342.10155186, 425233.3018069
-619830.31254704, 826965.91592582, 146194.91849185
 422382.53918074,-182663.16519098, 484444.84172086
-619530.54898676,-492215.581963, 393143.99106537
-196963.95634291,-688687.11934241,-772954.45115689
 502934.55965857,-563474.13472917,-65479.55923477
-621560.7207505, 549247.93907483, 293164.30260182
 195615.19186874,-762885.39890459, 115350.76979766
 108973.80508904, 553678.84820557, 202486.51770116
 275466.16502865,-980420.54806068, 229772.84682774
-785760.10533627, 222249.906277,-906572.88097651
 86502.5909144, 565130.96732006,-611246.56531362
 4802.63284727,-655686.63772613, 819190.44424589
 187512.21108671, 231673.55642863,-379680.55370861
 298380.41064088, 822131.99989546,-869060.30784058
 676646.96481039,-797581.69967163,-414180.09781006
-466050.5220472, 378465.42668639,-558451.13377291
-462041.02326672, 321329.56214189,-942832.35234995
-649532.87704841, 643555.90966408,-882251.6922294
 574042.76895084, 182874.94792864,-33307.51068242
 309556.34564742, 359325.28769068, 239238.98839982
 643063.65122992, 125777.60888489,-32298.19009712
-250977.81313747, 442288.82869216, 899242.8003651
 843702.90498772,-709681.14412924, 215378.1198514
 418322.5012209, 55009.95238616, 357808.39726638
 553551.75892258,-139097.20687987,-117417.17819674
 439426.25787476, 963019.74387568,-338858.8207269
-629571.42465169, 576935.28406252,-60206.24316646
-825520.20493358, 957872.82488407, 486941.45994243
-315754.14361325, 566268.06546463, 916995.78803169
 381193.31583769, 703547.04645733,-438843.34534772
 966840.72705135,-645698.0747965,-840759.81013167
-992716.80371267, 17458.47734665,-897949.76660654
 513110.98486467,-59958.50897837,-150135.64967691
-321595.40009382, 327539.6157024,-332548.45198552
-195998.72739414, 342048.79902402,-715841.52268265
 749877.63817492, 252400.88389299,-559857.58739198
 118124.53484277, 443730.73611274,-426187.05911088
 159774.36526347, 252921.60561152,-233931.55983371
 333221.27189412,-449783.59394756, 352847.88602638
-690747.46017171, 412654.61971209, 469497.15838997
-198407.2723449, 457361.38373793, 336878.36570502
 750128.79692161, 622166.68336093,-711407.54272445
-179408.913413,-922962.27091687, 185814.81667581
 996663.32651402,-571018.97332052, 285006.47852558
-211635.69358421,-278871.000816,-283164.51886375
 237300.74148111,-189848.97171455, 365187.83344778
-501889.94892538, 559255.4250203,-416047.03272888
 540962.7339284,-730329.69191898, 501286.26732262
-831111.56083399, 327240.21107248,-740123.22082939
 442947.02135965,-474815.52502552,-24240.47084802
 999257.31312672,-745335.44090296,-132157.87613858
 912937.03624244,-997228.51071725, 956823.3984868
-270452.99984391,-60974.57688952, 685867.93463289
-194514.52155669, 561234.9837498,-313693.71955944
 585623.35021566,-72131.3538806,-577322.26920899
-699901.75273987, 516974.08661593, 959751.47599301
-298332.87965465, 420291.4732337, 902246.17733095
 581573.56218742,-493015.66875857, 19253.38079526
 221097.45847914,-119574.88727654,-918497.59359022
 872575.70721094,-82972.59316126, 781508.28729925
-256950.64169555,-368047.91395154,-472408.02788897
 337395.31826185,-69817.84425699, 57531.87887113
 923294.94112716,-634415.66363305, 329597.40635183
-486995.20007518, 149181.08879058, 248639.05724906
 782455.82875133, 181920.82576729, 795131.93321875
-381143.23433464,-416838.1381918,-357619.83771858
-537525.90728461, 364691.52338435, 321768.89576207
 654439.89117855,-176932.22541603, 486598.45791318
-637641.63021418, 491364.93611014,-703474.28354698
-713471.69989,-33770.69515584, 292667.31158417
 904271.36753528,-214489.03595106, 901875.70162094
-47673.57956066, 74778.98615676,-63488.07451326
 415742.72399857,-756537.31468108, 977551.36011195
 853518.85372826,-508735.3864761,-94134.59865935
-749813.65852131, 230056.38439831, 585790.81648728
 231563.09473637,-233303.73908943,-134065.21584623
 768569.22292792, 793029.70101258,-326967.85509346
-867249.08287503, 170639.72657931,-227010.50861076
 44242.00704358, 381787.10576112, 272361.77058284
-576025.33865741, 619104.22821999, 243266.93401058
-643798.3336589,-639074.0030367,-807596.15817285
 128599.02587495,-281568.72223832,-805371.86138328
-33221.47375103, 827534.35929579,-336070.93616576
 761953.14585722,-483173.57324536,-674340.54687492
 984335.96302372, 456230.62175484,-867196.09509365
-944610.34039061, 489507.46211942, 573006.59729437
 960545.95318322,-726659.47937557, 803350.96003971
 969587.74557444,-405054.60380214,-832104.4278666
-80875.75570695, 378393.84047039, 908693.06464147
-95262.97842326, 716127.21553783, 24328.87010237
 124861.78000645,-194297.93581983,-806164.16291044
-976118.34302497, 73413.7681038,-157593.34739637
-465512.24874161,-386091.76808475, 814316.98008179
 149390.45995663,-905121.91088806,-743286.90926119
-650437.1948989,-389261.13374722,-527476.53412965
-921494.28385266, 660635.24789946,-577297.14602948
-462830.65110141, 962728.28613141,-548781.34193638
 814391.05957688,-23488.20390314, 894925.75243149
 68428.4411517, 123022.87765629, 110734.37257967
 177368.54178194, 372194.48808565, 561025.10938506
-253828.5997263, 833618.51512234,-827189.66859204
 90926.78320621,-325538.12515117, 113161.11547666
-310881.34199195,-64606.5617757, 502407.75027714
-269949.58505185, 534087.89150173, 393186.8613988
 300406.00483075,-962512.28668728,-301948.82224884
-114212.39176918,-745772.25024774, 749226.91024336
 932303.28318919,-969871.39593808, 571918.90779497
 164640.85600792, 142063.38226059, 772179.2736432
 499446.2111614, 531270.12232275,-981203.69326775
 130430.44253863,-246347.53405092,-967644.17833266
 931745.32813085, 388542.55958979,-296900.70944895
-243344.89942316, 874014.86228604, 431177.03433029
-431396.27961522, 671985.67192882,-676400.46131887
 946043.11970871,-516465.92470759, 206512.9627788
-566799.44513854, 336902.83088802,-664856.0777592
-585171.44838645, 487925.54961734, 39790.60048446
-442078.47972815, 10997.25345615,-790539.92420984
 508955.79336811,-622410.49917322, 826376.81677065
-734292.17499831, 855102.7075459, 594637.68070818
 841998.4656416,-712269.89696724,-516604.45020083
 144419.62098261, 418769.1283181, 735750.23321146
-767242.33511701, 941925.66222833, 597670.34137103
-133846.05560711, 295875.56224967,-279770.11947718
 358427.94353732,-853117.28214188, 874634.56605649
-965163.4586863,-70942.82318521,-279890.10275888
 190397.34820152, 154181.53241787, 896890.49896852
 827682.0011926, 119730.95551571,-372551.22233643
-416832.74710396,-210502.34713296, 895990.57005034
-931726.71945218, 496582.70030487,-878219.12674768
-26003.15785584, 791358.46428176,-494813.59284438
 477716.74032021,-506893.60614533, 480320.86305105
 247062.85533603, 166422.16747126,-841852.96164062
 678041.80204076,-607712.05085654,-655551.48832041
-940296.30816275, 592345.97659304, 892888.73097798
 806936.82921959,-222572.05426505,-984438.98757663
 156389.57295277,-185422.86749153, 62370.52074445
-317209.40952745, 892746.42085601, 228411.66871822
 802985.61963634,-341757.674893, 354081.91022052
 10006.27334116,-945280.05816237, 734508.77354964
 298975.96119702,-530747.82480137, 310275.75655902
-583105.29742875, 33988.85587482,-414984.96596152
 250971.96123105,-228500.42097476, 79444.60486842
-363032.19503139, 601921.37132636,-570545.65983096
 898373.76792064,-770345.31447679,-549677.85310043
 426751.30427469,-677041.03468712,-374866.61795255
 29255.05469126,-847822.65880235,-958902.17104324
-257115.6733469, 928799.21373085, 930475.21604452
 810669.43336783,-220553.48990073,-580310.37393865
 582986.24170483, 49994.24874649, 467183.00103596
-656562.61950696, 30906.46497935,-2749.72577257
 286785.10893183,-728211.25987241, 227069.73276309
-67376.89216681, 381919.45292977,-36665.49416061
-707280.06579721, 946943.82879516, 673556.29843009
 316835.61971359,-740678.11167981,-604093.10664842
 871988.14945777, 20923.20782482, 476059.91339859
-829965.419506, 825190.68186051,-190669.28879709
-959882.78425911, 940100.71789114, 241347.0104349
 592112.62187233,-845651.43960631,-176705.17421215
 524966.66906301,-60559.5065767,-35588.63656965
 841282.76599582,-447581.09830549, 300242.61224742
 552080.26466559, 236946.94383447, 208787.82712501
 61465.77265246, 803723.05155897,-730212.03494709
 951874.12251427,-815863.15631543,-300296.7913322
 119448.68822179,-724021.28401599, 734561.81018389
-822255.36845957, 717631.02109513,-52487.37391527
-296540.3584029, 23965.38814169, 260488.0704273
 72852.23513757, 813399.32927349,-24387.10776381
-596208.85548057, 886497.70933185,-126823.23017228
-916325.84409228, 434330.58127403, 131277.20278607
-484545.9304507, 465751.49086231, 849175.13778648
-885183.93511612, 893207.78589893,-105466.80530968
 817628.52073544,-255678.97030597, 741000.83960019
-32835.97619821, 164385.32235757, 361823.77015818
-852330.66876354, 313218.75802723, 738616.88604
-861686.26511108, 395137.7959475,-253870.97254677
-315845.75394508,-870492.49842064, 101088.65413451
 814439.00031127,-848313.31701961, 12340.8044517
-690170.7204344, 285822.53851303, 690656.28081711
-967972.86519993, 133.42961982, 353322.62958293
 558846.0363589,-728162.11973048, 699947.37724825
-778436.8628543,-217306.87611361, 414096.81465066
 950773.04258007, 188743.99230259, 341001.5435078
 684164.66271442, 258762.33228137,-383324.47628192
 205683.16179523,-33712.01935589,-419027.06050875
-956683.95152437,-69804.40172276,-633060.19842721
-301530.01591915, 168338.86043342, 432405.96757361
 451836.79842884,-48190.05246911, 478332.87879213
 368714.10775639,-707275.38218217,-680577.71287652
-477950.38181617, 901399.68064378, 939577.8539083
 200658.72997167,-714281.80345751, 199856.60372621
-548468.81026418, 239170.54996078,-21558.49032981
 865879.39591065,-677452.34631115,-827132.93021176
 127394.45602163, 106030.35024148,-313946.03704679
-269588.41964121,-586710.2115464, 891556.4029971
 806480.04284988,-434958.26646046,-201539.38749575
 495127.61657159,-220677.11068892,-274051.82612655
 649028.97210639, 590709.01054638,-106567.98241033
-459293.2105007, 308957.71940182,-176806.26133966
-134993.19100754,-231663.38393671, 338472.58783756
-381239.46295998, 159029.35821946, 734084.51743168
 491148.45702909, 232176.43059697,-788569.14856055
 281580.7242569, 847168.20018881,-670797.13824384
-54819.18234128,-311520.3254,-743763.14540815
-503517.15641309, 516291.27848977,-235223.23869795
 617382.51392459,-359247.8465629, 136651.82389952
 330519.28260553, 331421.24912941,-498765.92723524
-445260.40261126,-382329.85098583, 55570.4029541
-24759.54971503, 548577.59743523,-833269.71864344
 425492.42559349,-672998.04264693,-234340.57922286
 409485.20123089, 342982.86278196,-71549.82109467
 729411.92024612,-415680.8396948,-491788.69320377
 533682.46353333,-830479.82876043,-366680.59029182
 515074.90870197,-159386.53086465, 288209.55037648
 97300.70245358,-206495.56721197, 917273.21309906
-166125.41523199,-613836.35656746, 135115.29066624
 188487.72171771,-167204.67095921, 809571.98479007
 68570.69067264, 137648.99123363,-651400.9956228
-249701.61339722,-266866.20871808, 598356.78713939
 773051.58056426, 60411.87615272,-978136.70639387
-493572.3105077,-65272.12424102, 650627.58380988
-662121.82464757,-15740.79910466,-684042.47873716
 924558.2861119,-121332.14864632, 107741.27317056
-803502.77367892, 303999.35785614,-462801.26759202
-251049.23784298, 511914.43077129,-626999.08063506
-454895.86765543, 968073.41944785, 710479.2312857
 907256.28256387,-130820.06243351, 85305.36612583
-292136.2988459, 996374.44580495, 655903.68150435
-128261.52471208,-145743.5370015, 649110.5852816
 693337.52200342,-525259.20524951, 134966.74494467
 505888.71163252,-526818.44710466, 213781.32096599
 910804.07935899,-930492.04612704,-242759.6130643
 527824.05842897, 242368.95283255,-737432.7663969
-596645.47703478,-668010.68384329,-257260.73281902
-633082.06551886, 402625.82946903, 365711.11095866
 617599.78934182,-892580.91073593,-115862.95485463
 96810.37076877,-347617.38727083, 267968.29599469
 708748.28593406,-318553.82701361,-103177.11229571
 510750.96617544,-860410.16310426,-720992.52248304
-995923.88599893, 219970.47566845,-300629.83771028
-780801.17867168, 980956.84641681, 586275.24925995
 892960.46757617,-580235.13903673, 297298.93125654
 448974.62762767,-474763.229565, 583368.50575571
-633192.49960778, 278806.0985644,-46811.3861833
 440904.79138018,-998471.5199415, 288151.06649344
-674513.2552846,-722341.55094464, 742712.16855771
-544283.75733104, 761248.0792559, 426479.98954654
 751491.23079329, 356597.0827574,-975332.9294266
-514419.16742552, 716821.40338295, 830802.42153206
-618213.05774397, 843461.2488304, 470159.99382483
-762848.380583, 493291.44041616,-954517.55687258
 172094.88355126,-21237.01519444,-407396.8345329
-340249.74612817, 173509.33538725,-112147.14180467
 149012.56350952,-691350.47579145,-338293.5562294
-243676.12430642, 501715.36129405, 649938.12324018
-247261.19001529,-885500.85150089, 209094.81788308
 69507.22969856,-895764.69507912, 755450.87912166
-204975.2046624,-673741.43727525, 675927.32079866
 561175.62423626,-763278.92435392, 836042.97016237
-313128.55377947,-494811.90722675, 479729.16553241
-316567.44693819, 846536.51217411,-819522.91290683
-611114.82774286, 405326.85973246,-672313.83683978
 179630.90499346, 142789.90205919, 712014.39797371
-432529.97704529, 242643.47711728, 936325.86465633
 251586.80666231,-508415.47005171, 777479.59845407
-253422.24084461, 202130.43749311,-466483.08194131
 812453.61758091,-333413.83635924,-921229.17147701
 724083.58030128,-436444.82327958, 909181.08287977
 445434.87465317,-690901.31600982,-181509.92004883
 214860.41199535,-744.32138902,-480715.97188166
 191752.87486,-28837.6740542,-54267.03139772
-742748.9692511, 162068.92169626,-554746.06978625
 883864.23912329, 216949.69968637, 913538.74731883
-925059.93358198,-260337.82619051, 372296.21329273
-24868.30872176,-352071.37907917, 13203.33667632
 112358.95377876, 244702.00201365,-858358.31702105
-969510.77667232,-66430.1575206,-352345.69232055
 188807.80147357, 791612.71647773,-720203.8803617
-279443.37235255, 844741.63568429,-47139.03572943
-809849.42520126, 551655.04969201,-569348.80202175
-61331.93618536, 455198.20597876,-819112.60111179
-620541.33963144, 630903.10642167, 814337.65945382
 414637.81152475,-542479.04527822, 294607.43356904
 169865.66081498,-112906.75334447,-992645.50682656
 932576.47098049,-391456.08737621,-208044.72739395
-224423.89541012,-855828.03050812, 778865.29755415
-183483.8933289,-278143.024442, 880362.2774217
 817201.76256846,-13705.12352408,-608459.06680594
 611989.0963327,-698233.14181585, 639982.52441584
-388447.38108986,-930206.3814939,-100933.18021346
-203752.48233394, 445268.19014209, 796359.67278828
-472024.21886335, 886774.54824559,-279550.40822928
 216899.47907051, 550545.25856331, 334049.09195764
-730312.7472567, 962922.34946424, 890627.78316386
-402651.23963342, 687091.55019068,-574526.63300906
-910832.05783933, 660169.10371025, 965851.94422491
-264946.22060548,-436227.4888813,-394715.31283031
 653545.79561881,-957795.73152156,-413116.13969715
-421255.8270714, 993319.3855058, 553097.39009229
-557094.80938362,-55217.06341305, 254136.44779883
-286072.12323314, 356085.72247365,-150572.29909416
 791879.66244587,-303230.01231658,-499111.87493988
 884118.43109315,-462692.44652031, 514864.21364699
-657495.35608495,-89143.41323195, 150674.5777407
 821987.02730906,-760518.08201404,-20038.43929149
 870.5037997,-827246.62082567,-484541.47220667
-891431.41567771, 548925.66438046,-883775.55417128
 883291.51639326,-575263.22402206, 279432.10431584
-622777.22771692,-921924.81483304,-735713.27820224
-481536.67560561,-226585.06784743,-613723.31356438
 915209.91769794,-524255.10410778, 234937.66198164
 648516.89039344,-957554.11152969,-737999.61290595
-386226.31607021, 201077.8938167,-247172.21602767
 473590.67875289,-402773.92294422, 222025.67429965
-199205.44089534, 262625.59024368, 697207.23129145
 456571.57424647, 919150.88691366, 64362.5679995
-872473.72831218, 283968.65533828, 417225.75444315
 214071.02995507, 733622.71711517,-593486.59047248
-627054.15031383,-23093.0032128,-797174.96021877
-110889.16766555, 177746.47220094,-168833.78529839
 332258.99718944, 616561.66432737, 988348.5059724
-344189.32314898, 432259.12531698, 412767.32034045
-365445.12553863, 469225.17095108,-634805.99964623
-767494.82026451, 788765.36620203, 520410.23243013
 663129.25816231, 472252.63124433,-613520.9180753
-620244.23830444,-414391.03611864, 245141.35595782
-648927.3233304, 148696.59176264, 438264.7587851
 711095.34156618, 11924.05670494,-446128.98816158
 894023.27298879,-321349.81371739,-581438.43072571
-345669.74017144, 334922.60483308,-611979.40583527
 419266.71645393, 500834.319069, 781342.13273773
-890410.21598056, 753565.36887438,-127598.04426338
-906527.30700182, 698964.59050577,-812412.48997666
 587793.15172787,-958424.67090652, 36876.88308326
-429244.14971579,-68950.07533172, 236580.32668325
 159172.71435384,-162205.19041688, 754896.71690479
 592409.98683792,-174477.0647854, 533124.58271713
-681223.32902954,-171648.63376887,-549683.50624264
 501584.17637026,-341466.58847829, 96420.67772581
 468014.47266525,-332905.75257803, 546867.97726545
 480978.44788097,-725552.24518722,-243690.75374551
 537888.40622482, 690356.07852395, 899844.30409353
-397451.63503099, 398180.5031273, 970242.87007308
 120409.17582056,-372236.9765462,-309925.05426981
-940826.64318492, 178978.23521758, 355176.60951104
 771066.8300577,-899541.29456114,-49311.90839712
 230088.92952627,-791780.59600291, 956532.58055067
 666630.34051224,-952560.70763623, 252964.65978047
-847823.50497893,-599887.00456044,-523537.39063459
 800113.80788179,-944014.49918208,-992458.15250851
-830340.3344385,-815089.41258375, 168355.84764931
 472679.37328915,-528784.08144132, 855223.87487853
 57141.48898957, 425314.60115169,-197152.71188675
-256899.39151987,-142052.45531668, 192159.61062749
-410567.01762441, 480674.20038128,-973249.10156523
-888111.86790481, 848473.62077184, 630854.29918169
 203832.16031051,-677336.49820308, 485577.03033733
-22546.86795288,-876858.84166464,-893920.37254431
 917149.46933781,-640383.90130853,-337921.77098665
-656951.79564276,-271267.68894714, 170269.2588331
 541453.22674965, 898551.01415695, 479247.38833172
 743299.16264337,-473037.34058114,-921339.23638417
 494227.15443456,-919306.00549462, 888443.63488388
 841702.17724689,-864747.62864588,-901043.97617681
-573482.03796179, 298898.09795882, 649564.57337569
 419638.97495542,-483812.89362307,-234256.54446044
-166237.69378908, 873170.89019266, 20311.43843202
-746105.87619833, 155560.87504837,-828977.75315546
 934344.70679501,-641352.60540143, 510798.10291125
 533729.6159785,-563081.40225213,-911248.51170546
-668806.06453215, 508736.04070198,-797001.06999385
 612262.11189658,-190140.76159737, 954434.69008522
 902738.89093243,-440668.62063767, 991483.19327417
 923042.62133126,-763702.66082534, 495901.57794111
 91281.89359898, 282465.65265385,-434791.28900766
 934493.34650498,-885234.32189823, 36242.22898175
 103290.18183625, 411208.52735975, 114428.69784527
-537496.31137805, 455928.03566761,-892853.4010175
-321193.99416707, 577252.64290515, 676293.87377301
 918509.94246518,-221561.92558779,-633893.24608743
 738005.42883139,-596094.09033935,-518629.59787039
 668641.30002695,-741345.33587587, 830034.08102949
 517398.15164936,-16691.71741028,-922787.0508808
-365078.27309963,-38463.68543617,-28242.84361925
 501235.10737961,-634055.77991538, 520570.50920236
 73144.28567402, 451348.2047862,-127621.49585525
-342929.7095284,-112298.00568693,-268535.38506046
-630197.76561036, 593843.96711971, 680452.91062688
 189232.33155369,-291406.5313579, 147059.64607752
-500502.36486532, 274139.36388768, 268428.28478899
 859772.30902354,-950467.05015005,-431251.66275966
 682736.56256425,-848958.19389292,-735488.41004843
-834969.25957248, 772117.6807542, 629632.71337367
 529829.66939332, 265409.23859357,-951661.82924027
 591555.38990874, 681320.82405438,-444882.11802359
 205697.11461787, 994611.50112919, 997948.67903112
 534627.66585056, 241919.95707829,-622433.33434081
-245423.42566734, 317575.35830574,-938126.65741907
 624780.05631486,-582522.0128085, 890829.781899
-193617.83760009,-526013.19708821, 555374.11451361
 978228.46116774,-99389.47246217, 694267.63274684
-925240.22113033, 112022.59364346,-289606.30627474
 348511.12723655,-247582.16826029, 133739.6158889
-335217.73753018, 292230.31117078,-133670.92015744
 883161.27385552,-698504.33995536,-462113.95130133
-423296.80604562, 711653.59353747,-392313.48093871
-272026.41960274,-28865.98137553,-562054.65594726
 658258.0813481,-805519.00393158,-551025.93923332
 398959.10046318,-716851.22055916,-619689.48765199
-221300.76620472, 781697.67547556, 631272.7516119
-698311.01932565,-318363.86022627,-325132.34573163
 632610.42388034, 200482.07530871, 595618.25535882
 488657.7231115,-807409.20314983, 987422.26182665
-209815.08724236,-5512.44764175, 396042.99097352
-505725.05327698, 704121.02442899,-277280.18617009
-995868.65080621, 541418.85681357,-863252.14999728
 133733.39863854, 283137.55586172, 887615.3088531
 262474.86433439, 340376.0440004, 689930.88325718
 373518.71202388,-714382.98946642, 966135.60021459
 816797.78485532,-798684.90328585, 169238.08396638
 919828.76994196,-725197.19273841,-970548.61777071
 30967.17362185, 850823.50358335,-904413.81911665
-793656.60100087, 802076.2974744, 440614.74757833
-971607.68306093, 709068.02414992, 173740.46198911
-956762.02022187, 691467.57369883, 60971.87697482
 498928.83867141,-274746.29117333, 469532.44966203
-427949.29756928,-634892.70204261,-314657.16032468
 540928.73108967, 220535.6529652, 796828.68839541
 761813.49465679,-405579.38668966, 763956.97418056
 16130.31061536,-206882.46794847,-337796.91803311
-217074.02320672,-75624.23187096, 236046.94578232
 469377.23210294,-288846.91816574,-891937.32299614
 642994.58549748,-114214.0547145,-407916.16818768
-887475.32965939, 494641.45847792, 589428.93747544
-779325.99291489, 174791.90929549, 329828.55497898
 21314.66288729, 471784.6115453, 385987.83382219
-309618.34324831, 799123.82496677, 216399.92777525
-674735.32672907, 398067.48335619, 419.2776057
-946422.44590992, 725521.84824407,-165833.68294493
-565504.86028829, 35312.42456837,-157909.22194644
-132550.13157134, 472934.38343199,-48984.13793491
-809210.19887189, 697854.93786274,-25670.46905403
-842777.50099663, 260506.17369753,-974179.31615685
-528775.50674408,-739878.43165078, 387629.27257295
 576693.84145577, 223902.21161654,-754596.47288677
 504999.90414933, 173797.26360676, 9177.54025773
-355573.00627106, 621739.40423103, 844921.40379002
-526609.69793365,-53265.77824982,-774129.80479253
-373706.30870618, 391643.3480431,-540547.01404909
-256948.30193667,-966214.29518515, 436034.0995426
-893187.12529127, 747105.01296734,-427631.09934401
-767771.13115348, 614371.62709147,-648343.62387956
 359134.74098784, 415172.13463053,-950025.86144531
 424965.91356224,-374267.36659922,-294269.67609443
 392782.41552315, 384252.16644524, 521498.65559977
-775301.02076742, 64941.09675181, 156255.90725357
 430844.63712053, 185319.60565808, 137957.12024399
-595327.69067465, 784633.87358712, 702519.04342714
 862346.78853049, 835922.70558766, 611626.54873519
 977503.04648994,-202989.58716078, 354703.35011224
-368735.04018448, 789101.11243628,-931859.58857808
 544711.18542399, 110984.00969444, 512470.96257005
 582803.00158478,-476703.10882241,-160528.51597145
 413340.52453324,-447799.02865746, 180765.98422877
-764482.29856015,-105392.85606501,-736483.21176045
-563078.84604202, 821373.66993609, 728715.27225949
 641553.58851647,-461719.85887724,-437711.07242173
 485922.77831127, 379377.1834025,-258963.71170544
-910580.7826712,-256117.81791045, 243449.78563146
-801598.88545471, 138606.35056771,-398311.80565545
 496428.33475253, 863373.0647564,-880923.34410075
 191448.76245223,-759980.53011369,-781976.07198252
-558320.47611369, 789523.53971525, 199144.75138471
 182973.57496025,-287414.38960135, 756864.91402271
-41756.06934939,-382456.20444672,-675762.3653805
-644510.03895366, 940864.71629366,-888749.78197454
-921061.74908177, 914517.54728933, 592132.42268419
-922206.77921859,-16104.45054008, 155819.06407722
 121703.47080735,-536180.10816866,-244445.4407317
-153319.17323811,-379336.60842909, 304378.96910087
-332653.47188569, 832422.71412597, 522578.07753448
 536129.59422916,-580148.75127166,-565162.23189015
 279883.18111021,-27129.5891792,-493707.32712713
 480674.42861042, 245515.25531615, 455385.25922346
-499260.96797557, 876803.02871076,-165214.83962935
 990895.26124866,-261172.27507882, 583842.36498676
 575290.48234169, 681491.32277154, 73089.56907613
 988995.11457012,-597930.52200335, 703655.81988103
-543579.35608319, 2702.48604456, 864331.31779332
-241431.88247628,-43813.74958489, 682558.31569733
 222348.28712524, 475723.21293232,-349282.21542137
 511775.91945248, 316238.00637125,-820512.4789525
 993087.68368524,-276261.41567032, 904583.94835359
-415851.82482279,-131735.23758495, 473612.91606973
 328963.33677674, 42657.08434076,-204219.90858465
 226329.24834727, 292047.14371421, 629903.51525465
 137568.03391506, 876262.58202761, 702129.65858979
-440341.50045208, 677792.94999925,-667429.04359911
-676565.08701633, 692856.67580128, 846248.44543441
-113752.77143256,-419526.42537053,-119961.64547218
-338086.50046066,-29292.18755479, 273720.59938982
-549022.77877454,-587889.07932702, 936528.23036012
-967704.95937913,-281824.7420189,-144283.45705185
-764514.00362548, 129264.32149834, 690643.94891816
 152290.6208942, 986487.23671636, 14765.80991341
-864619.65630176, 817115.79701002, 846806.04887834
 897501.17442422,-993256.30566317,-232397.49612967
-998239.22826582,-533060.73228444, 482177.68275501
-603654.01080321, 788450.1157393,-962751.95540454
-83561.55221339,-695753.77637108, 196532.45607259
 772062.21522598, 261056.53195408,-48098.87955148
-358906.10614381,-964693.82737477, 701622.03417987
 189470.73301577,-923083.64560307, 477327.00042454
-696352.76502861, 359681.40556174,-696103.16204416
-691537.34200699,-872066.63727898, 384183.55856243
 727285.49675157,-692890.73832125, 13552.54397629
 989740.87800204,-272804.38568093, 726335.44485644
 228091.50155272,-805651.08987223, 35615.23082582
 727516.17592375,-252772.2124252,-879116.55033146
 352350.11723262,-890213.97529474,-448253.29872731
 962674.42755971,-951743.7328281, 338014.46505976
 145932.45859906,-476231.94152872, 927698.07672517
-352764.48264313, 815050.89521799,-214438.77245803
 966942.5216484, 26680.80208078, 55663.0027223
-171129.92981262, 471977.52713007,-807017.51816059
-699203.26018891, 990970.32936158, 622943.53373805
-211692.33893629,-85426.38455934,-350883.84993215
 452803.36679677,-115986.31605864,-454831.41410912
-444576.18540482,-340872.84018918, 678715.45759755
-238388.69934163,-614035.54021844,-444608.19988517
 293383.31108118, 181511.98871516,-948837.06712395
 443475.42145655, 129064.12037554,-457210.59930813
-384794.6039063, 710614.27150473,-551480.73180986
-362506.42131015, 431618.14244806,-979895.09443832
 374026.8996676,-764764.50722839,-92371.23243579
-831088.65888931, 410988.83853303, 957497.38920424
-136237.53054048,-387623.62048456, 210038.0198453
 88911.50387442,-243928.2809833,-523903.28791216
-425312.09329941, 390264.80586006,-75020.37287288
-208638.76245447,-354733.27494605,-935345.11774616
-218445.64404349,-620508.30523386, 640337.63304974
-229664.26655862, 845725.63463081,-436419.16575003
-324066.94589465,-232728.3537526, 207816.21978415
-428428.51398925, 962389.30046883, 154478.07191258
-641216.00560889, 694440.66652316,-289192.18312067
 107606.90626835,-545017.18414495,-375407.22888021
 549479.45534721,-409775.426568, 921055.93711132
-337583.88018406, 510929.92777903,-550883.65747805
-761279.09257036,-664579.07188897, 292279.00552877
-257032.47584986,-800576.52940038,-742240.40759562
-685197.02007292, 172869.90044108,-66366.32316094
 188808.27643636,-370895.92467223,-824638.45561789
 768922.52414847,-185571.78568469, 220410.82534938
-837566.28864436, 469520.07056654,-347980.66957314
-993639.54872961, 557015.5397825,-984738.43113626
 364638.13179824, 514469.71885147,-648771.70460432
-196047.28505299, 113436.4761809, 175992.46447068
 273362.60949919,-804543.91893137,-40667.52417144
 61907.4257513, 133013.62674561, 667122.24108808
-586048.13330884,-438071.98396323, 154466.61914058
 811010.99239853,-757994.46188403, 23985.18027531
 113099.5950584,-457248.50458835,-119096.43275333
-307079.4647698,-663733.31219618,-514680.521612
-633370.12743594, 844180.07263564, 519869.56357969
-689530.12677347,-317812.79464218,-243693.89317611
 196349.83184146, 443081.49372346,-698885.18930113
-128577.75821572,-940742.96917221, 502767.86561145
-207699.56947788, 799212.12646615,-859086.47694049
-331718.15216727,-748312.05418318,-974361.02041426
-43145.3644798, 155358.83853507, 794188.39976792
 605659.71709902, 104299.94542887,-539856.22875186
 379991.20422961,-482264.04712154, 231780.8918942
 9478.35983584, 192787.00542978,-326785.53684503
 412938.43693346,-388645.39262781, 937554.24528037
-340457.68058834,-164454.34659863, 344448.79638127
 829869.03875228,-543790.90849454, 607735.53731983
 752913.20386839, 200265.50555025,-470122.82624933
-357676.059276, 608120.96866156,-591413.99076073
-561282.89732582, 495443.63357022, 500263.47097413
 403507.08898877,-549515.16693577,-448285.76518367
-58230.71306129, 789772.18655342,-86678.96292326
-415009.96308151, 545094.33763093, 101561.10894681
 348865.61089621,-257956.23797037,-754742.28741739
 932207.6527213,-63531.09321894, 878368.80267197
-822956.90538496, 933881.43914043,-753872.5284172
 923349.20521924,-770626.91069532,-263568.69058252
 631071.65868405,-171206.01811751, 189572.36993685
 508919.4321874,-503815.94379937,-175289.0728498
-935157.32271138, 867460.33575679, 977368.2483825
 90595.2951161,-596853.75162916,-753908.26362723
 622847.15818563,-777823.48965135,-132995.74785148
-522289.87674415,-996187.12325884,-879302.20620124
-605281.43197747,-201555.16311102, 566689.17173048
 151586.78608762, 366787.20914228, 822075.56487449
 474079.96974629,-952989.86777789, 589387.08203758
 918419.36471884,-200679.3012359,-325931.05493864
 408256.30714782, 157404.44023217,-326326.37448977
-307517.3604969, 916709.19008429, 915860.52301343
-34024.57207881,-159206.52061879, 260142.89430955
 952720.96992801, 211288.46970251,-937121.23709704
 499830.37113855, 28927.98910958,-141495.253502
-298341.72145001, 508154.85814811, 983919.77114279
 827298.04528815,-39636.52434289, 256735.45382854
-958328.52104891,-735117.72539256, 949461.63076635
 114744.15660765, 514832.3861186,-118204.96838187
-245904.23946084, 780099.17725672,-615622.02285255
-702100.34345512, 710230.56836118, 56098.68865584
-889742.39366139,-19341.01004587, 92078.46465485
 30648.89155952,-940878.67375114,-659882.37349239
 639389.60864431,-728586.69246469,-741530.99231564
 716944.68209625,-795707.53542042,-834894.69479533
-659487.3025562, 348362.89271683, 31193.56223301
 393887.70262312,-654458.78682425, 970444.45896418
 67499.36374115,-714943.74854361,-311528.21015845
 734795.25611897,-205621.85549124, 69302.60825693
 645465.50230292, 159113.4699488, 907780.65313409
-10895.09706659,-518383.42886467, 122643.73423059
-85101.18713389,-171519.95270338, 589373.24487781
-375046.60035434, 475684.08757032,-704718.2383764
-386680.18492886,-51838.82060507, 600350.86067486
 399896.37681397, 375489.1190955,-292753.16939896
 84319.68604937, 754077.70853014,-934723.93595242
-862695.21439793, 837423.82096867, 541574.68928795
 242181.56056946, 490248.12309877, 738455.7454856
-693298.70108526, 545650.61610737, 129281.90760336
 278031.10438021,-650542.28253347,-648825.91070022
-704236.36584631, 41252.77388581, 656928.48932848
-932602.99502059, 504115.2877279, 730022.55176947
 234560.4671572, 968174.67638991,-69116.51527706
-24902.84643242, 413757.96641907, 567655.55868169
 2952.2045497,-722499.02745334,-244510.96015738
-567648.42715955,-380680.64785796, 180939.92603294
-281575.21499899, 913979.84762663,-360833.03530454
 748182.27406793,-209475.2513909,-785661.51127272
-675983.22991959, 818466.45407194,-665736.08165932
-98624.09778158,-127438.46256305, 110693.3434322
 837465.34049061, 655947.38076968, 90257.68905811
-874762.58811908, 713925.17616246,-782363.84977999
-709668.35269516,-326120.05443626, 21411.85220549
-498309.5683165, 655871.55417994, 737225.6187925
 404198.31267047,-285056.22387378,-616854.18692509
-776454.08832047, 298748.9609799,-922732.01972944
 410458.8954869, 984773.18024986, 341526.90929363
-474423.10695408, 825297.97007842, 296496.63755956
 543758.80008774, 8278.64475334, 557425.26495418
 781290.57379304, 123286.04210043, 723227.97383403
 260392.48983468,-495151.97005496, 670765.97733215
-335201.35504849, 331944.94452521, 425595.29671471
-778062.33220659,-635969.01648479, 173317.43346359
-870884.07407491, 550793.45220221, 221227.05891449
 80253.97915952, 353313.24818081,-212229.84944692
-20898.13302366, 385579.56913873, 282437.54306943
-326684.17612164, 218292.7433094,-545593.5896562
 315100.45782165,-901997.04958807,-658530.82985927
-240830.39200533, 445967.33873993,-112405.44170235
-784264.1881424, 890930.01126953, 235845.76828412
-875308.91530968, 236503.70915661,-67861.14287104
-127277.70271682, 517012.66170195, 474975.89988346
-1719.27125559,-243725.02136315, 865765.26926046
-586130.59538354,-894680.0455432,-152823.8287679
 705544.65581957,-97515.83306172, 958501.61880019
-373592.2827856, 700935.71168983,-204668.82677088
 380330.39824116,-944611.86107308, 548795.89566746
 29491.36129397, 574292.03925501, 336.32167147
 651855.59290844,-78024.83907677,-529913.68108769
 425756.24867515,-675581.09333893, 70405.33249416
 956605.51005757,-580849.43675417, 612442.60050673
 209718.17729403, 213904.85094427, 568262.79088228
 58257.70033413, 764403.41135436, 967635.91041402
-361868.07881029, 955126.92978756, 632367.75156194
-390576.23000399,-278414.38320861,-931722.21480422
 29086.56724893,-999581.30147131, 261682.62132098
-881860.61969801, 535169.32495398,-456222.74448274
 321857.37344411, 663242.41003062,-550025.52041835
-694267.60611676, 671131.76077511,-776465.75538851
 777075.15007499,-505843.53330111,-506302.71554038
 1768.30030755,-253093.80263855,-986684.96500761
-935199.18168359, 253016.44018245, 201734.97056856
-801317.39297593, 324540.8773833, 254139.57168487
 770161.41839893,-637644.01569219, 980173.58640057
-557586.82192152,-997445.49924304,-346626.38303655
-111705.54458183,-518140.07111392, 627806.32382435
-62516.71950261, 295929.96427473,-45262.32618966
 417847.8242607,-186127.55490819,-373592.66140391
 642951.77013263,-551460.04502631,-610686.64834634
-736778.99817443, 307701.06111803, 890686.49953279
-988343.17410358, 300774.42203249, 737490.79181455
 724861.86809663, 55307.00306996,-339017.95640872
-731134.21057283,-652545.58940482, 675910.56018555
 307730.2468124, 206268.26336052, 353199.7283694
-521565.21696825, 736452.45381051,-252457.3722835
 167010.66836508,-842216.28724125,-572435.45269307
-404634.62786756, 134610.94741314, 318272.33163769
 266858.65357072,-210605.67786624,-823707.07123302
 312384.65905103, 617159.23513959, 749653.3679604
-34321.70886689,-172236.93967525,-654643.24881385
-702394.77031068,-327514.97265115, 414383.53564223
 477604.7820953,-759381.63378765, 210375.00311762
 56908.12956016, 314199.65647817,-132748.4551987
 545113.64764527,-475405.74552842, 290171.7298728
 505771.96303747, 168266.4387207, 564441.4169
 995180.80046933,-319257.28691249, 524312.53735119
 613262.77804076, 66399.50580301,-331278.65276756
-327954.56114484, 941206.48752733,-549763.61427214
-269202.46997997, 972740.05645317,-44383.25705434
 45929.78534639, 16073.42500025,-247848.28959231
 863758.19655561,-254044.72847548, 915525.37383228
-227659.93079282, 772367.34886655,-444555.43716338
-454098.76941049, 31438.08826238, 161788.10995461
-777122.57748574,-444945.12857131,-468376.9685367
-982310.96861437, 522131.08238021,-757992.73125005
 796242.782691, 630425.4837214, 425231.593158
 432519.06171526,-748961.77452308,-891024.62179151
-377363.9324399,-606090.79207357,-872731.464341
 697980.96309961, 653127.73199325,-119481.07160736
-445350.79383226,-270863.27375211,-531035.16673208
-714173.6080316, 605012.70689339, 589850.421433
-22537.44132981, 898965.18080058,-944116.50235241
 323683.03143631,-563891.76216001,-925858.5058724
 53618.55543156, 236900.07702049, 431069.46952587
-424173.72333988, 812386.98594147, 914821.51043448
-690106.39532966, 991086.88293536,-519302.11516307
-642364.66968186, 560354.49391944,-601010.08561477
-921896.19784624, 10311.51067466, 53101.53667152
-586252.45111373, 592136.540536,-604224.72177865
 229469.5611259, 132121.17924844,-161287.40784069
-450461.03882897,-498747.20301499, 436279.10662951
 191534.2175033, 617953.24537103, 311659.18620249
-173856.19892452, 837016.78626624, 817531.71122363
 599849.40800903,-612266.82518965,-73390.28124849
-155887.77936447, 970967.2170368,-767480.69744746
-548375.44646722, 887630.57559952,-899017.41240456
-992794.6132919, 977875.39189261,-105165.89826371
 329693.35716426,-533945.60359043,-915635.49542801
 280988.88729666,-216389.38826751,-828644.61287725
-105245.88494489, 1308.43947923, 620589.39730676
-746342.22629772, 72779.72383445,-383742.47776645
 172376.75829983, 141613.14842367, 27789.76441646
 299083.6845616,-997767.05958602,-820244.93235584
 689004.96985665,-348347.97585398,-78940.73240332
 450265.77266668, 482677.82291623, 686131.80557115
-408323.86924796,-660101.6164396,-595029.71713274
 996965.69330005,-994314.2753313,-386511.15535841
 346168.61121103, 172102.00419293, 623126.62109166
-488654.33164928,-327794.84420567, 867661.26541653
-430148.23353285, 931471.49798971, 211565.75439933
 968930.23021001,-992935.0107795,-808708.83434019
-880156.45479808, 707710.72151249,-802805.57298315
-764772.10008031,-689129.91242891,-477998.31306408
-951339.17450124, 685163.81545641, 484861.92801532
 857510.25204316,-418858.42050665, 371836.512599
 369469.97850788,-57995.61267568,-897281.92272485
 802234.44799104,-742036.79364682, 449494.22402768
 89286.86374636, 512659.852543, 133035.45997121
-487695.64101267, 244616.88306202, 254899.5632154
 13008.17031485, 696095.79413616,-502156.07325987
 248644.43731906,-900341.23126212,-296402.29990101
-860283.31972729,-312914.32558998,-810680.64880127
-43359.4897456, 476041.59129717,-952133.69252436
-535467.28755001, 803.78510574,-794283.53286051
-904604.2153325,-485936.98047153, 983270.44253358
 998425.4205777,-771275.9070915,-60708.68347239
-622122.69582982, 322228.9033738,-680196.45943018
 411054.34701314,-801126.41798937, 796679.05161613
 513577.94311832,-461714.98558209, 899284.87960321
 622736.67812158,-679958.56323385, 403903.64123082
-585238.91736459, 489759.59749422, 517200.74528494
-72236.81869026,-95314.87766299,-547867.80280786
 498901.19612382,-766730.36979253, 17631.86603764
 8225.91175391,-667792.52993519, 823646.70273658
 973520.11369581, 204337.9476917, 715987.55040267
-313331.95532203, 639455.0532873,-646793.81702808
-84969.67140572, 423547.35224066, 879309.34949167
-784053.0456342,-266703.95324651, 635682.9345048
-525007.08346927, 72474.18586077, 225609.76276788
 857147.69780342,-348541.19769402,-902579.5582108
-934060.58092527, 720026.01204962,-90774.43618506
 388598.08457173,-110560.74958806, 914474.09705209
-431350.54054054,-624912.84320165,-65268.54273943
-954276.18475293, 91849.84236676,-70350.1516603
 157358.90338397,-120268.98839049,-95037.0722328
-493501.4306895,-495901.00895832, 684946.69752382
 892480.94485608,-970092.31454104, 985058.84543217
-10037.45311596,-344659.19857598, 866331.82328795
-345509.16263961, 551730.93368629,-626971.89856862
-278456.66410144, 842584.46373227,-537725.34748343
 433676.43997155,-324670.3890425, 219528.50969721
 762340.57985442,-78882.95616703,-452914.80593792
-998623.92623105, 919110.35794039,-428603.42038684
 358694.46660403, 524744.25295061, 482070.75578567
 559496.87207516,-200310.94231775, 518060.45680044
 525772.00286231,-398870.97241114, 753992.19806925
-668266.49046183, 822009.08568332,-722827.47440136
 380308.82200418,-87979.78980877,-773124.06721631
-252693.78920629,-214044.27569729, 120234.91633127
 40601.73900837,-915412.53242964, 448131.42584447
 658301.82782203,-841409.36385141,-970504.45465496
 446053.90782083, 357655.06024896,-853660.6637765
-816918.38963159,-180935.1633886, 715684.72483295
 310345.86701681,-677487.46359231, 48907.63322315
 597287.24098519,-490982.27768823,-581530.80500049
-81937.46256727, 392722.20790894,-792305.01403086
-672854.66166053, 354744.51346798,-521390.27549642
 962685.26513503,-16630.23494052, 473651.49514985
 958217.30928209,-937656.26665266,-847941.58433641
 122300.83939828,-220102.20651716, 927468.27659353
-794509.32435152, 691786.05031832,-180114.24112621
-455526.35361966, 991693.33972899, 394601.4210599
-556326.41870252, 733941.44442611, 455835.22420353
 793413.89129026,-923545.77677638,-887467.3641987
 71282.22053717,-999749.57148978, 228551.01618338
-631245.26278244,-865933.00981711,-285013.82581198
 853910.94692964,-631507.19733512, 182991.66934697
 275964.01917768, 841704.93188579,-337415.00910777
 768299.78447357,-514938.00062976,-389884.56642773
-983365.81739392, 737915.07969617, 408884.70523722
 349441.03239863, 936344.58133716,-246675.26709933
 974054.56490612,-91719.43509845, 382455.32728121
-942218.09609957, 711659.20478607, 612003.24437411
-983944.49134042, 396004.53489007,-777265.6781611
 437775.93690727,-514106.58718013, 362352.21862332
-621401.17028335,-453857.36880439,-122481.51588734
-718271.25711027, 751370.94771182,-309863.37554474
 937476.60398132,-117110.46270511,-655547.41499104
-500937.81535411,-984502.87896094,-3785.38614022
-702626.41692033,-157812.24736776,-343590.70363043
 846298.73239534,-604765.56204667, 577849.33572081
-985176.29762736, 564638.02702786, 563912.20809955
-857508.58542611, 228485.68634594, 678930.30202428
 304027.93762641,-713369.0380844, 205805.01940189
-27684.70449762,-552557.6516914, 202020.42950849
 712930.42422669,-941519.15934839, 880278.16169717
 108805.40604018,-753576.40918563, 971468.61156072
-532641.24754504, 190944.05387679, 626345.73624627
-690584.65735098, 674123.95104544, 359164.78055278
-471634.67806095,-654122.8655224,-916739.52454356
 654185.00087951,-92199.1118235,-906412.75547967
-610704.78338699, 673903.20944274,-739746.92230506
-576831.89114925,-687577.36278004,-434950.75893246
-105321.29357374, 903506.59659986, 543715.62244247
 183813.37955859, 817621.28453988, 54520.38081529
 571335.77190447,-644586.48229148, 718271.23998775
 680746.10916139,-126559.91248486, 470456.81839601
-946183.81594582, 830794.43820528, 950271.2682772
 421579.84342246, 544814.55470747,-381873.90680671
 800914.74597592,-872212.98622231,-433122.75646922
 520638.26381374,-35364.81417794, 6982.89904152
 675289.31110472,-163490.6028358,-655531.44742754
 238625.40531482, 332335.45080308,-110063.79031664
-998619.64127662,-491871.62948511,-721476.07188998
 616778.01559757,-775016.50554447,-777957.11677643
 866853.28704681,-493866.09197508, 819388.2623381
 188441.71155112,-669464.68704549,-142789.33494064
-41296.46065258, 827801.95649072, 79644.97270022
 646273.19032518, 588276.64971399,-330461.55999732
-305638.7542217, 854018.78944063, 431188.14608177
 933589.43045236,-797601.26878028, 177396.64813022
 703294.55800172, 239850.61474986,-435735.84914794
-621720.49187158, 755667.76605367,-818532.81225889
 189703.49632946, 205002.71031666, 58377.59632794
 631165.88697984, 456657.91974161,-324032.86807313
 150384.67995097,-401816.41211058, 367582.65036948
-641404.77236152, 10427.58593938, 901280.32260968
 587126.16301247, 417478.17210821,-758423.69195692
 800783.16643487,-576380.58532102,-153165.89457982
 385940.71595966,-56379.13685321, 832763.06851592
-645791.31524291,-896825.15624418,-38207.09512262
-911871.90139651,-542506.65640863, 585397.94657844
-529984.70175938, 357457.01540429, 662747.11233193
-555955.15016584,-307910.29934531,-137348.16104272
-474526.11761319, 566879.71752918, 278179.93279766
-187977.26303522, 792932.43179069, 727427.23827553
 334592.5015263, 379554.89244889, 430662.48594806
-59912.79755636,-348097.25314892,-110309.12474045
 495366.71665502,-798788.95376037,-69390.60755371
 231436.37932089,-870286.90090989, 704964.46262563
 915364.80669622, 34510.57447589,-702830.58061296
 730043.79123605,-498454.46035793, 277939.42496105
-791387.73531172, 646252.44544097,-175024.84648522
 269245.59837023, 768877.08958027, 307276.67753387
-366431.46131969, 30984.62091903,-316078.4803795
-859012.74722037,-885657.80353529,-716375.45486701
-803362.45277038, 713469.6560573, 469251.03367168
 408292.28370047,-953415.36932139, 976021.58018626
 716830.65526958,-923801.91066182,-676785.80931582
 241018.19130863,-578740.37089518, 299553.01659879
-475258.92064549, 931509.84011531, 617744.15476914
 696309.28826362,-75863.99280647,-450792.69444843
-771368.21646796, 774284.91432109, 336646.93156409
 567650.32359906,-159361.58428291, 250219.58168205
 375733.37289554, 608088.32141742,-319375.40298278
-694791.91745839,-848262.22954865, 950276.01661302
 734808.61559589,-729591.72778389,-679877.93796848
 699390.71460559,-961510.10204598, 648037.00618115
-939744.87114149, 710653.58705995, 942772.72976679
-631627.26357694,-542166.21730219,-210140.06705499
 574088.53125123, 481150.86465769, 989577.65013723
 796768.58614243,-669813.4716377,-710941.92984966
 739554.4248055,-632058.75762194, 690535.73402281
-606298.39842966, 102377.91138223,-14619.83122404
 517800.15637078,-620386.16173913, 196678.54272538
-186795.35690488,-4818.53814019, 362352.75770501
-211031.22023494, 947564.77728108, 223922.73249486
 547253.20595381, 197599.15165708, 669689.80343592
-555219.53357571, 454687.39168285,-854579.04100832
 435349.06883875,-1969.48650104, 455819.40207604
-299019.83743576, 186406.95597591, 617742.68747786
-825060.16456217, 961421.4976889, 369750.15509955
 74884.56740243, 249631.93759191,-559519.77689451
-888266.68705101, 808021.60666976, 15412.64403114
-348938.14154365, 741726.22702298, 917317.68445327
 358840.84876, 14288.20146653, 972240.93811753
 513356.78198382, 223837.70438533,-762644.1121313
 1547.63734887, 659621.69042805, 215456.74733929
-616939.56997516,-495147.8511727, 843103.27044544
 165045.67655848, 814522.80661708, 720629.07927388
 965000.16447862,-544100.44389412, 648928.34302992
-108709.49453295,-979604.65500048,-608712.05348925
-777853.70046397,-256117.38177128, 517318.61690274
 56285.13730548, 45156.03242613,-402396.28876062
 395849.85141668, 593101.42334983, 5583.74300634
 279204.19359263, 923347.53221637, 772584.45498763
 787782.90191104,-311471.86746429,-737637.36837763
 424772.45097045,-969783.76569205, 384179.45122107
 801556.2690895, 625219.36277363, 819287.21023025
-293566.28815347,-36506.72989146, 986501.93926116
-790829.32982944,-204628.45813579, 97605.98016058
 164528.87348654,-640008.37228363, 308229.72390662
-385994.91519188, 440319.12386271,-941015.58167596
-62460.99866611,-952576.48864176,-173231.73007577
-122220.9079917, 109709.6266644, 903013.62613039
 441315.02142066, 579316.37574816, 427176.92488946
-313425.15911754, 990161.10952375, 58396.57170447
-718751.66568029, 573375.23321855,-998936.3173152
 598872.86125685,-397805.71508433, 362527.63687934
 218699.25168957,-797094.76709084,-559252.93006152
 105124.58452776,-482611.35864522, 457254.53073578
 781485.50338621,-766124.71061037,-27370.70284506
-720979.06847157, 400822.28413989,-533817.90772741
 705199.15390264, 122929.41262173, 369311.44776991
 986930.34026442, 20986.28644644,-276576.40882546
-762003.10876682,-58915.28042705,-932233.79936067
-777164.48291935, 594314.42369857, 897812.21203427
 693622.46898217,-994295.69530486,-203375.85095835
-39629.74764188,-365502.78923003, 382135.28119239
-702396.29869634,-661093.39587869, 117203.56884367
-394414.34377976, 193813.72743671,-788214.46925547
-456493.79650791,-756582.58708466, 766514.50349531
 464742.77814352, 82881.68988535,-859890.68352089
-591346.17039108, 628670.63237093, 558304.20257848
 153253.72261803,-63221.01212277, 238888.32483713
-51605.77256729,-222793.88513424, 695525.92939085
-320558.44526749, 272453.77237119,-981461.03368499
-87177.66970216, 982149.98479262, 867224.90862384
 774572.99450221,-34099.74465914, 627016.04746739
 240119.00730216,-965645.58886108, 96534.29935737
 793515.34474061,-628799.96163835,-976328.41914852
-389101.73078536, 447920.31436858, 400911.48555888
-704488.81732273, 499124.91080449,-199453.51985944
 117561.16403071, 984947.03868205, 867046.76635644
-970805.45757816, 850474.65403146, 314627.81182464
 590187.4005117,-225260.46502428,-850576.86641103
-833925.52699118, 843555.78452469,-535345.07786362
 7737.5331446, 914743.53924571, 665274.25998044
 304899.45108876, 718298.14776415, 350867.82007912
 663038.58927826,-641800.97777102,-536066.74214468
-622520.41137765, 491427.75572895,-851784.80442296
 432363.06959828,-794022.50030515, 465427.86057002
 938904.63422976,-108883.62573957, 389760.29690938
-936673.04982993, 587151.02827598, 437475.46184932
-838340.13572197, 307573.70096288,-731199.82888841
 436947.40483559,-577655.41408053, 136255.48662866
 540828.95352651,-591857.40738001,-894537.65789999
 834258.05478824,-974668.09673991,-932068.77017875
-593359.5123458, 954078.54314688, 669740.05497489
 563117.91807632,-941893.97602393, 801644.43914334
 949379.29051335,-750807.05903073, 866062.71626884
 972406.68071504,-614014.25237389,-156945.37003857
-426444.00162316, 720541.1893866,-120521.10666054
-670799.41630166, 504601.03264813,-91098.55456296
 963821.67158285,-453503.4724215, 857355.51316778
 313712.13973899, 73268.01069981, 45361.06543487
-416157.97026752, 210389.33770107,-162464.36442011
 853336.58407577,-85977.53383102,-839818.40456651
-137973.61376728,-888353.53399388,-665005.91413074
-831737.18426604, 515298.84947923, 625604.85291971
 785884.32844048, 337305.98717312, 686565.83936429
-762297.67610819, 387575.97939853,-457471.18375802
 236794.38188089,-665144.03535007,-594603.63531559
 706792.29349725,-95988.48426167, 503925.30969992
-599593.29064888, 38842.86404054,-85634.36184331
-250210.62476118, 836466.33466038,-789875.07875077
 317243.38979644, 637232.05144818, 338604.4566538
 29959.01863509, 991842.0127691, 97322.46333755
-398784.15537836, 180404.83413206,-652954.6422595
-191069.95813543,-367079.24138785, 757324.83950337
 892783.97244258,-487668.93663528,-992509.9741682
 729061.96995645,-639066.14904223,-400556.06863127
-997385.66277007,-96119.16803012, 360520.09986282
 349982.78244248,-414903.65083313, 43228.80258483
 378989.82954761, 329136.92751275, 675584.35406064
-428399.28303573, 180130.76632944,-984341.00770622
 895632.94146316,-514081.52065762, 538858.16486744
 766546.52092375,-576014.78498599,-678901.96742991
 650125.03513712, 537915.09459883, 379042.87238007
 28495.27888555, 178362.84368358,-484051.07825381
-290830.55563392, 948421.83857968,-586068.95644304
-669846.07453656, 683923.41857686,-157677.74053913
-440581.46245269, 980154.43467215,-795990.6243274
-627473.99705778, 357895.48513766,-259987.83801141
 445969.00754282,-773547.59959641, 98415.92800951
 666893.52304309, 572115.58622749, 730038.68390295
 149621.45867184,-616643.4580585,-170062.15176211
 658320.71552798, 13533.6848908, 910170.04758038
 610963.06276132,-839730.08674829, 743727.54563145
 88896.64502237,-709934.49360926, 730281.1302993
-323776.44640284, 989061.53438748,-617978.13695021
 743815.22487585,-396367.34008327, 724317.09503018
-410614.31691884, 753925.35875754, 11282.90882026
-546283.07989473, 710961.44831078,-97938.86828129
-237201.47617514,-954804.93276963, 836941.33390812
 224261.3741555,-493293.40099449,-820868.1626586
-549918.34830537,-143228.41497755,-516938.56254185
-575613.09783024, 602779.11665684,-237814.52957497
-72130.34848813, 657384.67007723, 791597.45754722
-277254.96230463, 688155.52598931,-739685.35173908
-970429.87195313,-225664.79851117,-490975.9525252
 716143.05946183, 117650.68200223, 762643.67111424
-342438.25199703,-464554.70733591, 902285.35720227
-232353.301344, 557579.44594048, 468547.10543993
 811308.27894102,-416576.35500774,-579197.05827339
-710222.61471972, 941783.52831807, 947368.96194782
-860530.99437426, 329395.84751876,-746238.61619089
-631688.72994836, 939334.29705618, 982516.53981773
-747593.92794244, 109737.30895613,-537927.14847529
 713053.5788346,-620490.53531117,-78529.49158382
-902064.84350599, 477389.34233611,-123373.5710382
-125705.86832965,-630177.33888355,-328280.30084861
-838484.21501942, 566807.04461725,-458556.09379578
 76346.22983492,-143005.93200463, 850125.78290171
 78022.6800269, 601162.17286348, 935181.39928124
 475367.73912164, 263189.17881563, 810927.34770738
-358579.53403554,-170677.57417414, 539670.11493229
 320214.97821946, 429198.73958893, 512784.28338701
 598630.2776129, 95865.57424344,-450357.18236196
 752966.85252729,-664701.40847301,-763196.98865815
 869913.18412805,-258074.11390538, 445697.31719278
-878039.01470532, 813403.87895159, 454315.49304927
-532768.98148706, 199575.52525979,-568737.25020524
-948454.82744082, 468263.36872742,-65315.73258451
-134610.06048819, 175956.58168543,-392367.48297837
-588555.7720715, 732193.34428726,-601092.21677359
-548228.2852554, 585628.09410692, 991044.84836221
 673842.96388448,-714616.3379482, 701466.01760638
-804589.6718186, 355324.44272966, 345979.87869665
-734172.94718164, 417264.76933592,-963923.22247234
-51495.94840163,-538385.00523691,-839337.26790291
 472634.40431108,-992933.03424887,-441166.14406255
